Name	ISIN	Symbol	Market	Trading Currency	Open	High	Low	Last	Last Date/Time	Time Zone	Volume	Turnover
European Equities
19 Apr 2022
All datapoints provided as of end of last active trading day.
1000MERCIS	FR0010285965	ALMIL	Euronext Growth Paris	EUR	30.00	30.00	30.00	30.00	19/04/2022 16:38	CET	210	6300.00
2CRSI	FR0013341781	2CRSI	Euronext Paris	EUR	4.66	4.66	4.40	4.56	19/04/2022 17:35	CET	13112	59230.875
2MX ORGANIC	FR0014000T90	2MX	Euronext Paris	EUR	10.05	10.05	9.88	9.88	19/04/2022 17:35	CET	1022	10215.16
2MX ORGANIC BS	FR0014000TB2	2MXBS	Euronext Paris	EUR	0.23	0.23	0.23	0.23	08/04/2022 14:47	CET	5000	1150.00
A TOUTE VITESSE	FR0010050773	MLATV	Euronext Access Paris	EUR	1.48	1.48	1.35	1.35	13/11/2019 16:53	CET	378	521.87
A.S.T. GROUPE	FR0000076887	ALAST	Euronext Growth Paris	EUR	3.91	3.94	3.80	3.94	19/04/2022 17:29	CET	2708	10473.66
AB SCIENCE	FR0010557264	AB	Euronext Paris	EUR	10.57	10.69	10.34	10.66	19/04/2022 17:35	CET	46026	484608.99
ABC ARBITRAGE	FR0004040608	ABCA	Euronext Paris	EUR	7.70	7.78	7.66	7.66	19/04/2022 17:35	CET	46763	361182.23
ABEO	FR0013185857	ABEO	Euronext Paris	EUR	16.50	16.90	16.50	16.75	19/04/2022 14:40	CET	828	13772.60
ABIONYX PHARMA	FR0012616852	ABNX	Euronext Paris	EUR	2.02	2.07	2.00	2.05	19/04/2022 17:35	CET	51832	105078.955
ABIVAX	FR0012333284	ABVX	Euronext Paris	EUR	22.00	22.30	20.75	20.90	19/04/2022 17:35	CET	10808	229360.70
ABO GROUP	BE0974278104	ABO	Euronext Brussels, Paris	EUR	5.35	5.35	5.20	5.20	19/04/2022 17:18	CET	2702	14073.35
ACANTHE DEV.	FR0000064602	ACAN	Euronext Paris	EUR	0.493	0.493	0.491	0.491	19/04/2022 12:44	CET	4083	2006.933
ACCOR	FR0000120404	AC	Euronext Paris	EUR	29.17	29.79	28.79	29.67	19/04/2022 17:35	CET	766182	22573522.18
ACCOR AC SHARES	FR0014003PZ3	AAC	Euronext Paris	EUR	9.88	9.88	9.88	9.88	31/03/2022 14:23	CET	150	1482.00
ACCOR AC WARRANTS	FR0014003QK3	AACW	Euronext Paris	EUR	0.14	0.14	0.14	0.14	01/04/2022 16:16	CET	1200	168.00
ACHETER-LOUER.FR	FR00140072P8	ALALO	Euronext Growth Paris	EUR	0.0022	0.0022	0.0018	0.002	19/04/2022 17:35	CET	18187446	35803.2492
ACTEOS	FR0000076861	EOS	Euronext Paris	EUR	1.44	1.575	1.44	1.56	19/04/2022 17:18	CET	2217	3226.405
ACTIA GROUP	FR0000076655	ATI	Euronext Paris	EUR	3.73	3.73	3.73	3.73	19/04/2022 10:19	CET	440	1641.20
ACTICOR BIOTECH	FR0014005OJ5	ALACT	Euronext Growth Paris	EUR	7.70	7.80	6.96	7.44	19/04/2022 17:35	CET	12376	93826.64
ACTIVIUM GROUP	FR0010979377	MLACT	Euronext Access Paris	EUR	1.19	1.19	1.19	1.19	19/04/2022 16:30	CET	845	1005.55
ADA	FR0000053076	ALADA	Euronext Growth Paris	EUR	12.50	12.50	12.50	12.50	19/04/2022 15:23	CET	247	3087.50
ADC SIIC	BE0974269012	ALDV	Euronext Paris	EUR	0.085	0.085	0.085	0.085	19/04/2022 16:30	CET	4725	401.625
ADEUNIS	FR0013284627	ALARF	Euronext Growth Paris	EUR	2.65	2.74	2.65	2.74	19/04/2022 17:24	CET	7433	20117.06
ADOCIA	FR0011184241	ADOC	Euronext Paris	EUR	4.80	4.91	4.60	4.60	19/04/2022 17:35	CET	18614	89380.13
ADOMOS	FR0013247244	ALADO	Euronext Growth Paris	EUR	0.033	0.0338	0.0301	0.0304	19/04/2022 17:35	CET	638251	19876.9543
ADP	FR0010340141	ADP	Euronext Paris	EUR	143.90	145.40	142.40	143.85	19/04/2022 17:37	CET	81233	11708313.90
ADUX	FR0012821890	ADUX	Euronext Paris, Amsterdam	EUR	1.93	2.08	1.825	1.84	19/04/2022 16:14	CET	12434	23923.715
ADVENIS	FR0004152874	ALADV	Euronext Growth Paris	EUR	2.80	2.80	2.78	2.78	19/04/2022 16:00	CET	6286	17481.08
ADVICENNE	FR0013296746	ALDVI	Euronext Growth Paris	EUR	5.53	5.61	5.42	5.55	19/04/2022 17:35	CET	25054	138112.42
ADVINI	FR0000053043	ADVI	Euronext Paris	EUR	17.60	18.60	17.60	18.60	19/04/2022 15:37	CET	1470	25886.00
AELIS FARMA	FR0014007ZB4	AELIS	Euronext Paris	EUR	13.70	13.70	13.40	13.40	19/04/2022 16:29	CET	1375	18737.60
AERKOMM INC	US00774B2088	AKOM	Euronext Paris	EUR	11.00	11.00	10.30	10.50	07/04/2022 11:14	CET	585	6322.80
AFFLUENT MEDICAL	FR0013333077	AFME	Euronext Paris	EUR	4.18	4.26	4.18	4.205	19/04/2022 17:27	CET	2737	11479.80
AFYREN	FR0014005AC9	ALAFY	Euronext Growth Paris	EUR	7.89	7.94	7.82	7.94	19/04/2022 14:33	CET	808	6368.22
AG3I	FR0011908045	MLAGI	Euronext Access Paris	EUR	0.31	0.31	0.31	0.31	27/12/2021 11:30	CET	74	22.94
AGENCE AUTO	FR0014005WE9	MLAA	Euronext Access Paris	EUR	3.10	3.10	3.10	3.10	19/04/2022 11:30	CET	84	260.40
AGP MALAGA SOCIMI	ES0105478004	MLAGP	Euronext Access Paris	EUR	2.95	2.95	2.95	2.95	23/11/2020 11:52	CET	2000	5900.00
AGRIPOWER	FR0013452281	ALAGP	Euronext Growth Paris	EUR	9.21	9.24	8.82	9.03	19/04/2022 17:35	CET	14859	135199.13
AGROGENERATION	FR0010641449	ALAGR	Euronext Growth Paris	EUR	0.1218	0.1218	0.1158	0.116	19/04/2022 17:10	CET	113335	13378.7224
AIR FRANCE -KLM	FR0000031122	AF	Euronext Paris, Amsterdam	EUR	4.076	4.158	4.05	4.103	19/04/2022 17:35	CET	2427362	9985547.865
AIR LIQUIDE	FR0000120073	AI	Euronext Paris	EUR	161.96	163.10	160.76	160.90	19/04/2022 17:35	CET	663970	107013804.70
AIR MARINE	FR0013285103	MLAIM	Euronext Access Paris	EUR	1.95	1.95	1.95	1.95	12/04/2022 16:30	CET	29	56.55
AIRBUS	NL0000235190	AIR	Euronext Paris	EUR	104.18	105.02	102.30	104.22	19/04/2022 17:36	CET	1231107	127890844.30
AIRTIME	IT0005450819	ALAIR	Euronext Growth Paris	EUR	40.40	41.80	40.00	41.80	19/04/2022 15:18	CET	431	17303.80
AIRWELL	FR0014003V77	MLAIR	Euronext Access Paris	EUR	3.70	3.70	3.70	3.70	19/04/2022 11:30	CET	143	529.10
AKKA TECHNOLOGIES	FR0004180537	AKA	Euronext Paris, Brussels	EUR	48.00	48.85	48.00	48.85	19/04/2022 17:35	CET	5421	264021.95
AKWEL	FR0000053027	AKW	Euronext Paris	EUR	17.50	17.50	16.92	17.30	19/04/2022 17:35	CET	7962	136840.72
ALAN ALLMAN	FR0000062465	AAA	Euronext Paris	EUR	15.85	15.95	15.25	15.25	19/04/2022 17:24	CET	177	2800.30
ALBIOMA	FR0000060402	ABIO	Euronext Paris	EUR	42.76	43.04	42.08	42.60	19/04/2022 17:35	CET	74116	3150372.96
ALBIOMA BSAAR 2018	FR0013368438	ABIBS	Euronext Growth Paris	EUR	23.90	23.90	23.90	23.90	05/04/2022 10:38	CET	96	2294.40
ALCHIMIE	FR0014000JX7	ALCHI	Euronext Growth Paris	EUR	3.84	4.00	3.80	3.90	19/04/2022 17:35	CET	7614	29797.27
ALD	FR0013258662	ALD	Euronext Paris	EUR	12.60	12.78	12.46	12.64	19/04/2022 17:35	CET	96109	1212533.50
ALEPH FINANCE	GB00BJ9M4V82	MLALE	Euronext Access Paris	EUR	2.90	2.90	2.90	2.90	26/01/2022 11:30	CET	3	8.70
ALPES (COMPAGNIE)	FR0000053324	CDA	Euronext Paris	EUR	13.36	13.36	13.02	13.28	19/04/2022 17:35	CET	22758	300569.94
ALPHA MOS	FR0013421286	ALNEO	Euronext Growth Paris	EUR	2.77	2.895	2.65	2.76	19/04/2022 17:29	CET	8605	23492.81
ALSTOM	FR0010220475	ALO	Euronext Paris	EUR	21.23	21.70	20.72	21.53	19/04/2022 17:35	CET	1102819	23447433.49
ALTAMIR	FR0000053837	LTA	Euronext Paris	EUR	26.11	27.00	26.11	26.50	19/04/2022 17:35	CET	7181	189519.005
ALTAREA	FR0000033219	ALTA	Euronext Paris	EUR	153.00	153.00	148.00	148.00	19/04/2022 17:35	CET	2780	417143.80
ALTAREIT	FR0000039216	AREIT	Euronext Paris	EUR	650.00	650.00	650.00	650.00	19/04/2022 09:00	CET	1	650.00
ALTEN	FR0000071946	ATE	Euronext Paris	EUR	130.00	130.60	125.10	126.10	19/04/2022 17:35	CET	38667	4900161.80
ALTHEORA	FR0000061244	ALORA	Euronext Growth Paris	EUR	1.76	1.76	1.76	1.76	19/04/2022 09:00	CET	4	7.04
ALTUR INVEST.	FR0010395681	ALTUR	Euronext Paris	EUR	7.16	7.20	7.10	7.18	19/04/2022 17:16	CET	730	5239.58
ALVEEN	FR0013253812	MLALV	Euronext Access Paris	EUR	0.50	0.50	0.50	0.50	24/03/2022 16:30	CET	11	5.50
AMA CORPORATION	GB00BNKGZC51	ALAMA	Euronext Growth Paris	EUR	1.50	1.50	1.50	1.50	19/04/2022 12:32	CET	459	688.50
AMATHEON AGRI	NL0010273694	MLAAH	Euronext Access Paris	EUR	0.075	0.075	0.075	0.075	19/04/2022 11:30	CET	1045	78.375
AMOEBA	FR0011051598	ALMIB	Euronext Growth Paris	EUR	0.72	0.725	0.692	0.708	19/04/2022 17:26	CET	53595	38028.018
AMPLITUDE SURGICAL	FR0012789667	AMPLI	Euronext Paris	EUR	2.63	2.74	2.63	2.74	19/04/2022 16:45	CET	1975	5352.78
AMUNDI	FR0004125920	AMUN	Euronext Paris	EUR	60.80	60.80	59.85	60.50	19/04/2022 17:35	CET	170422	10304693.25
ANTIN INFRA PARTN	FR0014005AL0	ANTIN	Euronext Paris	EUR	27.28	27.30	26.30	26.84	19/04/2022 17:35	CET	34829	936223.50
APERAM	LU0569974404	APAM	Euronext Amsterdam, Brussels, Paris	EUR	37.50	37.77	36.89	37.44	19/04/2022 17:36	CET	265529	9919285.03
APTORUM GROUP CL A	KYG6096M1069	APM	Euronext Paris	EUR	2.70	2.70	2.70	2.70	15/01/2021 13:35	CET	426	1150.20
AQUILA	FR0010340711	ALAQU	Euronext Growth Paris	EUR	5.90	5.95	5.90	5.95	19/04/2022 17:14	CET	1196	7073.55
ARAMIS GROUP	FR0014003U94	ARAMI	Euronext Paris	EUR	6.35	6.395	6.12	6.25	19/04/2022 17:35	CET	83176	517428.145
ARCELORMITTAL SA	LU1598757687	MT	Euronext Amsterdam, Paris	EUR	30.71	31.225	30.13	30.415	19/04/2022 17:39	CET	4189211	128234287.135
ARCHOS	FR0014007XT1	ALJXR	Euronext Growth Paris	EUR	1.36	1.36	1.2806	1.2806	19/04/2022 17:18	CET	21008	27688.2104
ARCURE	FR0013398997	ALCUR	Euronext Growth Paris	EUR	3.39	3.40	3.39	3.40	19/04/2022 09:32	CET	91	309.39
ARDOIN ST AMAND A	FR0005057635	MLARD	Euronext Access Paris	EUR	163.00	163.00	163.00	163.00	09/03/2022 11:39	CET	35	5705.00
ARDOIN ST AMAND B	FR0004070795	ARDO	Euronext Access Paris	EUR	72.00	72.00	72.00	72.00	03/08/2020 16:30	CET	2	144.00
ARGAN	FR0010481960	ARG	Euronext Paris	EUR	119.00	119.60	116.00	116.80	19/04/2022 17:35	CET	3173	372873.40
ARIMELIA ITG	ES0105601001	MLARI	Euronext Access Paris	EUR	2.97	2.97	2.97	2.97	17/09/2021 00:00	CET	-	-
ARKEMA	FR0010313833	AKE	Euronext Paris	EUR	108.75	109.25	107.30	109.15	19/04/2022 17:35	CET	132279	14385798.50
AROCA DEL PINAR	ES0105486007	MLARO	Euronext Access Paris	EUR	-	-	-	-	-	CET	-	-
ARTEA	FR0012185536	ARTE	Euronext Paris	EUR	19.20	19.20	19.20	19.20	19/04/2022 09:00	CET	16	307.20
ARTMARKET COM	FR0000074783	PRC	Euronext Paris	EUR	7.80	9.39	7.66	8.66	19/04/2022 17:39	CET	116590	1021413.03
ARTOIS NOM.	FR0000076952	ARTO	Euronext Paris	EUR	5000.00	5000.00	5000.00	5000.00	11/04/2022 11:30	CET	3	15000.00
ASHLER ET MANSON	FR0012968485	MLAEM	Euronext Access Paris	EUR	2.40	2.40	2.40	2.40	12/04/2022 11:30	CET	20	48.00
ASSYSTEM	FR0000074148	ASY	Euronext Paris	EUR	41.60	43.10	41.20	41.90	19/04/2022 17:35	CET	2380	100720.70
ATARI	FR0010478248	ATA	Euronext Paris	EUR	0.182	0.1824	0.177	0.18	19/04/2022 17:35	CET	1864975	335491.4205
ATEME	FR0011992700	ATEME	Euronext Paris	EUR	12.80	12.82	12.54	12.60	19/04/2022 17:35	CET	5324	67628.54
ATOS	FR0000051732	ATO	Euronext Paris	EUR	22.50	23.36	21.98	22.84	19/04/2022 17:36	CET	1097836	25068599.07
AUBAY	FR0000063737	AUB	Euronext Paris	EUR	54.50	54.50	52.50	53.00	19/04/2022 17:35	CET	7761	413319.20
AUDACIA	FR00140059B5	ALAUD	Euronext Growth Paris	EUR	6.20	6.78	6.02	6.32	19/04/2022 17:25	CET	11447	72558.66
AUDIENCE LABS	FR0011896463	MLAUD	Euronext Access Paris	EUR	4.94	4.94	4.94	4.94	21/03/2022 11:30	CET	5	24.70
AUDIOVALLEY	BE0974334667	ALAVY	Euronext Growth Paris, Brussels	EUR	2.22	2.22	2.16	2.20	19/04/2022 13:57	CET	2605	5754.71
AUGROS COSMETICS	FR0000061780	AUGR	Euronext Paris	EUR	3.80	3.80	3.80	3.80	11/04/2022 11:43	CET	60	228.00
AUPLATA MINING GR	FR0013410370	ALAMG	Euronext Growth Paris	EUR	0.0458	0.0504	0.0414	0.043	19/04/2022 17:35	CET	179581629	8372685.7558
AUREA	FR0000039232	AURE	Euronext Paris	EUR	9.84	10.25	9.82	10.25	19/04/2022 17:16	CET	4085	40635.90
AURES TECHNOLOGIES	FR0013183589	AURS	Euronext Paris	EUR	21.20	21.50	21.10	21.50	19/04/2022 17:35	CET	95	2016.30
AVENIR TELECOM	FR0013529815	AVT	Euronext Paris	EUR	0.0102	0.0105	0.0094	0.0095	19/04/2022 17:35	CET	38704633	375719.2212
AXA	FR0000120628	CS	Euronext Paris	EUR	26.905	27.095	26.59	26.59	19/04/2022 17:35	CET	4756774	127287295.46
AXA NV22	FR00140074K5	CSNV	Euronext Paris	EUR	25.16	25.16	25.16	25.16	19/04/2022 16:35	CET	25000	629000.00
AXWAY SOFTWARE	FR0011040500	AXW	Euronext Paris	EUR	16.75	16.80	16.75	16.75	19/04/2022 17:29	CET	1615	27051.50
AZ LEASING	IT0004812258	MLAZL	Euronext Access Paris	EUR	0.57	0.57	0.57	0.57	10/11/2020 16:30	CET	303	172.71
AZOREAN TECH	PTAZR0AM0006	MLAAT	Euronext Access Paris	EUR	0.17	0.17	0.17	0.17	19/04/2022 11:30	CET	120	20.40
BAIKOWSKI	FR0013384369	ALBKK	Euronext Growth Paris	EUR	22.60	22.60	21.60	21.60	19/04/2022 16:39	CET	362	8039.80
BAINS MER MONACO	MC0000031187	BAIN	Euronext Paris	EUR	66.60	66.60	66.60	66.60	19/04/2022 09:03	CET	10	666.00
BALYO	FR0013258399	BALYO	Euronext Paris	EUR	1.124	1.124	1.076	1.10	19/04/2022 17:35	CET	49961	54289.65
BARBARA BUI	FR0000062788	BUI	Euronext Paris	EUR	8.95	8.95	8.95	8.95	14/04/2022 16:30	CET	5	44.75
BARINGS CORE SPAIN	ES0105362000	MLBAR	Euronext Access Paris	EUR	-	-	-	-	-	CET	-	-
BASSAC	FR0004023208	BASS	Euronext Paris	EUR	64.40	65.20	64.40	65.20	19/04/2022 16:46	CET	248	16027.80
BASTIDE LE CONFORT	FR0000035370	BLC	Euronext Paris	EUR	38.00	38.00	37.05	37.55	19/04/2022 17:35	CET	4541	170625.20
BATLA MINERALS	FR0010436170	MLBAT	Euronext Access Paris	EUR	0.58	0.58	0.58	0.58	19/04/2022 12:09	CET	117	67.86
BD MULTI MEDIA	FR0000035305	ALBDM	Euronext Growth Paris	EUR	3.96	4.44	3.80	4.345	19/04/2022 17:29	CET	20752	86615.205
BEACONSMIND	CH0451123589	MLBMD	Euronext Access Paris	EUR	12.30	12.30	12.30	12.30	19/04/2022 16:30	CET	476	5854.80
BEBO HEALTH	CH1148983609	MLBBO	Euronext Access Paris	EUR	18.00	18.00	18.00	18.00	14/04/2022 11:30	CET	5	90.00
BELIEVE	FR0014003FE9	BLV	Euronext Paris	EUR	12.40	12.43	12.15	12.37	19/04/2022 17:35	CET	11391	140192.63
BENETEAU	FR0000035164	BEN	Euronext Paris	EUR	12.70	12.70	12.42	12.68	19/04/2022 17:36	CET	57802	727096.28
BERNARD LOISEAU	FR0000066961	ALDBL	Euronext Growth Paris	EUR	3.50	3.50	3.50	3.50	19/04/2022 11:30	CET	289	1011.50
BIC	FR0000120966	BB	Euronext Paris	EUR	47.90	48.04	47.16	47.88	19/04/2022 17:35	CET	39434	1880233.60
BIGBEN INTERACTIVE	FR0000074072	BIG	Euronext Paris	EUR	14.80	15.26	14.66	15.22	19/04/2022 17:37	CET	37400	561143.42
BILENDI	FR0004174233	ALBLD	Euronext Growth Paris	EUR	27.00	27.00	26.10	26.30	19/04/2022 17:35	CET	5551	148150.50
BIO-UV GROUP	FR0013345493	ALTUV	Euronext Growth Paris	EUR	4.985	4.985	4.85	4.975	19/04/2022 16:05	CET	17318	85174.035
BIOCORP	FR0012788065	ALCOR	Euronext Growth Paris	EUR	36.40	36.40	35.00	35.00	19/04/2022 17:35	CET	1886	66577.80
BIOMERIEUX	FR0013280286	BIM	Euronext Paris	EUR	94.66	95.82	92.72	95.70	19/04/2022 17:35	CET	116598	11087071.34
BIOPHYTIS	FR0012816825	ALBPS	Euronext Growth Paris	EUR	0.184	0.184	0.1738	0.1775	19/04/2022 17:29	CET	1081909	191686.7772
BIOPHYTIS BSA	FR0013507290	BPSBS	Euronext Growth Paris	EUR	0.142	0.142	0.142	0.142	11/04/2022 11:21	CET	500	71.00
BIOSYNEX	FR0011005933	ALBIO	Euronext Growth Paris	EUR	18.91	19.53	18.86	19.47	19/04/2022 17:35	CET	33252	637200.64
BLEECKER	FR0000062150	BLEE	Euronext Paris	EUR	170.00	170.00	170.00	170.00	19/04/2022 16:41	CET	80	13600.00
BLUE SHARK POWER	FR0013340973	MLBSP	Euronext Access Paris	EUR	3.78	3.78	3.78	3.78	25/08/2021 16:30	CET	2000	7560.00
BLUELINEA	FR0011041011	ALBLU	Euronext Growth Paris	EUR	2.52	2.52	2.51	2.52	19/04/2022 16:33	CET	420	1057.81
BLUELINEA BSA Y	FR0013480985	BLUBT	Euronext Growth Paris	EUR	0.035	0.035	0.035	0.035	12/04/2022 09:00	CET	30	1.05
BNP PARIBAS ACT.A	FR0000131104	BNP	Euronext Paris	EUR	49.245	50.30	48.545	49.745	19/04/2022 17:35	CET	3412914	169944138.425
BOA CONCEPT	FR0011365907	ALBOA	Euronext Growth Paris	EUR	32.50	34.00	32.10	33.40	19/04/2022 17:35	CET	8886	293142.50
BODY ONE	FR0010106039	MLONE	Euronext Access Paris	EUR	0.32	0.32	0.32	0.32	07/04/2022 11:30	CET	51	16.32
BOIRON	FR0000061129	BOI	Euronext Paris	EUR	39.00	39.20	38.80	39.00	19/04/2022 17:35	CET	3677	143312.20
BOLLORE	FR0000039299	BOL	Euronext Paris	EUR	4.56	4.582	4.456	4.482	19/04/2022 17:35	CET	713059	3202902.734
BOLLORE NV22	FR0014009353	BOLNV	Euronext Paris	EUR	4.65	4.65	4.65	4.65	07/04/2022 11:30	CET	100	465.00
BONDUELLE	FR0000063935	BON	Euronext Paris	EUR	16.50	16.66	16.40	16.56	19/04/2022 17:35	CET	6261	103408.60
BONE THERAPEUTICS	BE0974280126	BOTHE	Euronext Brussels, Paris	EUR	0.419	0.419	0.38	0.388	19/04/2022 17:35	CET	106306	41671.9265
BONYF	BE6333353298	MLBON	Euronext Access Paris	EUR	12.00	12.00	12.00	12.00	08/04/2022 16:30	CET	100	1200.00
BOOSTHEAT	FR0011814938	ALBOO	Euronext Growth Paris	EUR	0.544	0.549	0.544	0.549	19/04/2022 16:52	CET	1536	837.598
BOURRELIER GROUP	FR0000054421	ALBOU	Euronext Growth Paris	EUR	48.80	48.80	48.80	48.80	05/04/2022 16:31	CET	1	48.80
BOURSE DIRECT	FR0000074254	BSD	Euronext Paris	EUR	3.17	3.27	3.11	3.26	19/04/2022 17:35	CET	12048	37995.01
BOUYGUES	FR0000120503	EN	Euronext Paris	EUR	31.15	31.73	31.05	31.48	19/04/2022 17:35	CET	1233145	38840757.82
BOUYGUES NV22	FR0014006U75	ENNV	Euronext Paris	EUR	36.30	36.30	36.30	36.30	29/03/2022 16:30	CET	15	544.50
BUREAU VERITAS	FR0006174348	BVI	Euronext Paris	EUR	25.32	25.42	24.84	25.22	19/04/2022 17:35	CET	756556	19006256.68
BURELLE	FR0000061137	BUR	Euronext Paris	EUR	570.00	574.00	560.00	568.00	19/04/2022 16:40	CET	94	53376.00
CA TOULOUSE 31 CCI	FR0000045544	CAT31	Euronext Paris	EUR	74.80	74.80	72.00	72.20	19/04/2022 14:14	CET	621	46130.20
CABASSE GROUP	FR0013530102	ALCG	Euronext Growth Paris	EUR	3.59	3.74	3.59	3.74	19/04/2022 17:35	CET	2194	8080.88
CAFOM	FR0010151589	CAFO	Euronext Paris	EUR	11.05	11.05	11.00	11.00	19/04/2022 17:35	CET	2051	22561.05
CAIRE	FR0010781377	MLAAE	Euronext Access Paris	EUR	8.45	8.45	8.45	8.45	04/04/2022 16:30	CET	2	16.90
CAMBODGE NOM.	FR0000079659	CBDG	Euronext Paris	EUR	6100.00	6100.00	6100.00	6100.00	13/04/2022 16:30	CET	1	6100.00
CAPELLI	FR0012969095	ALCAP	Euronext Growth Paris	EUR	22.50	22.50	22.20	22.20	19/04/2022 17:39	CET	142	3170.10
CAPGEMINI	FR0000125338	CAP	Euronext Paris	EUR	191.05	191.05	186.80	187.80	19/04/2022 17:35	CET	293497	55202018.15
CARBIOS	FR0011648716	ALCRB	Euronext Growth Paris	EUR	33.16	33.20	32.22	32.90	19/04/2022 17:35	CET	7795	254284.02
CARMAT	FR0010907956	ALCAR	Euronext Growth Paris	EUR	10.34	10.47	10.18	10.25	19/04/2022 17:35	CET	97841	1007427.22
CARMILA	FR0010828137	CARM	Euronext Paris	EUR	15.80	16.20	15.64	15.92	19/04/2022 17:35	CET	106259	1694482.40
CARPINIENNE PART.	FR0000064156	CARP	Euronext Paris	EUR	26.20	26.20	26.20	26.20	12/04/2022 11:30	CET	2	52.40
CARREFOUR	FR0000120172	CA	Euronext Paris	EUR	20.36	20.80	20.28	20.60	19/04/2022 17:35	CET	3837888	79006239.87
CASINO GUICHARD	FR0000125585	CO	Euronext Paris	EUR	15.57	15.93	15.36	15.86	19/04/2022 17:35	CET	190147	2983411.64
CAST	FR0000072894	CAS	Euronext Paris	EUR	4.94	4.94	4.70	4.74	19/04/2022 16:45	CET	5551	26880.69
CATANA GROUP	FR0010193052	CATG	Euronext Paris	EUR	8.85	8.85	8.31	8.33	19/04/2022 17:35	CET	227710	1929230.31
CATERING INTL SCES	FR0000064446	CTRG	Euronext Paris	EUR	10.95	10.95	10.05	10.20	19/04/2022 17:35	CET	5774	59912.60
CATERPILLAR INC	US1491231015	CATR	Euronext Paris	EUR	204.00	221.00	192.50	192.50	19/04/2022 10:37	CET	180	36637.00
CBI	FR0014007LW0	ALCBI	Euronext Growth Paris	EUR	1.32	1.32	1.25	1.26	19/04/2022 17:19	CET	25643	32938.286
CBO TERRITORIA	FR0010193979	CBOT	Euronext Paris	EUR	3.83	3.83	3.81	3.81	19/04/2022 17:28	CET	12375	47270.04
CECURITY.COM	FR0010717579	MLCEC	Euronext Access Paris	EUR	0.83	0.83	0.83	0.83	09/09/2021 11:41	CET	2843	2359.69
CEGEDIM	FR0000053506	CGM	Euronext Paris	EUR	23.30	23.85	23.05	23.80	19/04/2022 17:35	CET	8431	197742.40
CELLECTIS	FR0010425595	ALCLS	Euronext Growth Paris	EUR	3.96	3.96	3.712	3.784	19/04/2022 17:35	CET	209969	794187.622
CELYAD ONCOLOGY	BE0974260896	CYAD	Euronext Brussels, Paris	EUR	2.00	2.12	2.00	2.075	19/04/2022 17:08	CET	15022	30673.75
CERINNOV GROUP	FR0013178712	ALPCV	Euronext Growth Paris	EUR	1.34	1.40	1.312	1.36	19/04/2022 17:35	CET	29190	39572.178
CESAR	FR0013297165	ALCES	Euronext Growth Paris	EUR	0.106	0.106	0.106	0.106	14/04/2022 11:30	CET	900	95.40
CESYNT A SHARES	IT0005402034	MLCSA	Euronext Access Paris	EUR	1.80	1.80	1.80	1.80	01/04/2021 17:04	CET	190	342.00
CESYNT B SHARES	IT0005398877	MLCSB	Euronext Access Paris	EUR	1.80	1.80	1.80	1.80	15/12/2020 11:30	CET	100	180.00
CFI	FR0000037475	CFI	Euronext Paris	EUR	0.71	0.71	0.71	0.71	09/03/2022 11:30	CET	10	7.10
CFM INDOSUEZWEALTH	MC0010000826	MLCFM	Euronext Access Paris	EUR	950.00	950.00	950.00	950.00	19/04/2022 11:30	CET	4	3800.00
CGG	FR0013181864	CGG	Euronext Paris	EUR	1.09	1.1485	1.09	1.118	19/04/2022 17:35	CET	13536363	15219176.476
CGG BSA 2	FR0013309622	CGGBT	Euronext Paris	EUR	0.015	0.0175	0.015	0.015	19/04/2022 15:04	CET	77325	1326.8125
CH.FER DEPARTEMENT	FR0000037871	MLCFD	Euronext Access Paris	EUR	620.00	620.00	620.00	620.00	07/03/2022 16:30	CET	7	4340.00
CH.FER VAR GARD N.	FR0000051567	MLCVG	Euronext Access Paris	EUR	7200.00	7200.00	7200.00	7200.00	28/01/2022 17:11	CET	4	28800.00
CHARGEURS	FR0000130692	CRI	Euronext Paris	EUR	18.35	18.35	17.77	17.91	19/04/2022 17:36	CET	30553	547821.64
CHAUSSERIA	FR0000060907	CHSR	Euronext Paris	EUR	4.80	4.80	4.80	4.80	19/04/2022 16:30	CET	5	24.00
CHEOPS TECHNOLOGY	FR0010447086	MLCHE	Euronext Access Paris	EUR	78.00	78.00	78.00	78.00	05/04/2022 11:36	CET	7	546.00
CHRISTIAN DIOR	FR0000130403	CDI	Euronext Paris	EUR	604.50	609.00	599.00	606.00	19/04/2022 17:35	CET	4648	2806327.00
CIBOX INTER A CTIV	FR0000054322	CIB	Euronext Paris	EUR	0.1254	0.126	0.1194	0.124	19/04/2022 17:35	CET	646187	79705.8526
CIE DU MONT BLANC	FR0000060428	MLCMB	Euronext Access Paris	EUR	110.00	110.00	109.00	109.00	19/04/2022 17:03	CET	153	16700.00
CIOA	FR0012384907	MLCIO	Euronext Access Paris	EUR	1.96	1.96	1.85	1.85	19/04/2022 16:30	CET	1995	3855.20
CLARANOVA	FR0013426004	CLA	Euronext Paris	EUR	3.612	3.65	3.55	3.612	19/04/2022 17:35	CET	161885	582573.018
CLASQUIN	FR0004152882	ALCLA	Euronext Growth Paris	EUR	69.80	70.40	69.20	70.20	19/04/2022 17:35	CET	740	51607.40
CMG CLEANTECH	FR0013406881	MLCMG	Euronext Access Paris	EUR	7.00	7.00	7.00	7.00	13/04/2022 16:30	CET	801	5607.00
CNIM GROUP	FR0000053399	COM	Euronext Paris	EUR	7.80	7.80	7.32	7.46	14/01/2022 16:38	CET	164	1217.42
CNOVA	NL0010949392	CNV	Euronext Paris	EUR	5.10	5.14	5.00	5.02	19/04/2022 17:00	CET	4120	20653.54
CNP ASSURANCES	FR0000120222	CNP	Euronext Paris	EUR	21.86	21.88	21.82	21.82	19/04/2022 17:35	CET	348557	7612190.44
COFACE	FR0010667147	COFA	Euronext Paris	EUR	11.42	11.51	11.28	11.42	19/04/2022 17:35	CET	343188	3919979.73
COFIDUR	FR0013257409	ALCOF	Euronext Growth Paris	EUR	352.00	354.00	352.00	354.00	19/04/2022 17:10	CET	19	6690.00
COGELEC	FR0013335742	ALLEC	Euronext Growth Paris	EUR	7.60	7.60	7.60	7.60	19/04/2022 17:07	CET	103	782.80
COGRA	FR0011071570	ALCOG	Euronext Growth Paris	EUR	12.15	12.20	11.70	11.70	19/04/2022 17:27	CET	7389	88823.95
COHERIS	FR0004031763	COH	Euronext Paris	EUR	2.40	2.40	2.34	2.34	19/04/2022 17:24	CET	2270	5397.04
COIL	BE0160342011	ALCOI	Euronext Growth Paris	EUR	7.40	7.40	7.40	7.40	19/04/2022 11:50	CET	137	1013.80
COLAS	FR0000121634	RE	Euronext Paris	EUR	122.00	127.00	121.00	127.00	19/04/2022 17:35	CET	998	122740.50
COLIPAYS	FR0010959684	MLCLP	Euronext Access Paris	EUR	8.05	8.05	8.05	8.05	14/04/2022 16:30	CET	5	40.25
COMPAGNIE ODET	FR0000062234	ODET	Euronext Paris	EUR	1116.00	1122.00	1094.00	1114.00	19/04/2022 17:35	CET	299	331312.00
CONDOR TECHNOLOG	BE6252013725	MLMFI	Euronext Access Paris	EUR	15.00	15.00	15.00	15.00	07/06/2019 11:30	CET	20	300.00
CONSORT NT	FR0000077828	MLCNT	Euronext Access Paris	EUR	61.50	61.50	61.50	61.50	29/07/2021 11:30	CET	22	1353.00
CONSTRUCTEURS BOIS	FR00140007I9	MLLCB	Euronext Access Paris	EUR	4.86	4.86	4.86	4.86	14/04/2022 16:30	CET	100	486.00
COREP LIGHTING	FR0010035816	MLCOR	Euronext Access Paris	EUR	9.00	9.00	9.00	9.00	17/01/2022 11:30	CET	57	513.00
COURBET	FR0004998318	MLCOU	Euronext Access Paris	EUR	1.20	1.20	1.20	1.20	07/03/2022 11:30	CET	212	254.40
COURTOIS	FR0000065393	COUR	Euronext Paris	EUR	125.00	125.00	125.00	125.00	11/04/2022 11:30	CET	8	1000.00
COVIVIO	FR0000064578	COV	Euronext Paris	EUR	73.65	74.10	72.35	72.35	19/04/2022 17:35	CET	104356	7577617.05
COVIVIO HOTELS	FR0000060303	COVH	Euronext Paris	EUR	15.30	15.45	15.25	15.30	19/04/2022 17:29	CET	3509	53672.50
CRCAM ALP.PROV.CCI	FR0000044323	CRAP	Euronext Paris	EUR	74.00	75.00	74.00	74.03	19/04/2022 15:42	CET	89	6623.99
CRCAM ATL.VEND.CCI	FR0000185506	CRAV	Euronext Paris	EUR	86.09	87.00	83.00	87.00	19/04/2022 17:35	CET	161	13700.09
CRCAM BRIE PIC2CCI	FR0010483768	CRBP2	Euronext Paris	EUR	21.60	21.86	21.50	21.86	19/04/2022 17:35	CET	4903	106155.60
CRCAM ILLE-VIL.CCI	FR0000045213	CIV	Euronext Paris	EUR	63.00	63.98	63.00	63.50	19/04/2022 17:35	CET	237	15023.76
CRCAM LANGUED CCI	FR0010461053	CRLA	Euronext Paris	EUR	50.78	50.80	49.50	50.80	19/04/2022 16:09	CET	1258	63846.35
CRCAM LOIRE HTE L.	FR0000045239	CRLO	Euronext Paris	EUR	65.46	65.50	65.46	65.50	19/04/2022 12:10	CET	259	16959.80
CRCAM MORBIHAN CCI	FR0000045551	CMO	Euronext Paris	EUR	65.00	65.00	65.00	65.00	19/04/2022 09:00	CET	29	1885.00
CRCAM NORD CCI	FR0000185514	CNF	Euronext Paris	EUR	18.45	18.65	18.45	18.60	19/04/2022 13:43	CET	1635	30216.60
CRCAM NORM.SEINE	FR0000044364	CCN	Euronext Paris	EUR	90.11	91.00	90.00	90.50	19/04/2022 17:02	CET	303	27396.16
CRCAM PARIS ET IDF	FR0000045528	CAF	Euronext Paris	EUR	76.01	76.99	76.00	76.99	19/04/2022 16:35	CET	345	26396.17
CRCAM SUD R.A.CCI	FR0000045346	CRSU	Euronext Paris	EUR	132.98	133.00	132.00	132.00	19/04/2022 17:11	CET	67	8896.16
CRCAM TOURAINE CCI	FR0000045304	CRTO	Euronext Paris	EUR	71.00	72.89	70.20	72.89	19/04/2022 17:22	CET	260	18503.08
CREDIT AGRICOLE	FR0000045072	ACA	Euronext Paris	EUR	10.038	10.19	9.95	10.05	19/04/2022 17:35	CET	5947080	59742720.276
CROSSJECT	FR0011716265	ALCJ	Euronext Growth Paris	EUR	1.90	1.90	1.82	1.87	19/04/2022 17:35	CET	35837	66399.878
CROSSJECT BS	FR0014007HU2	CJBS	Euronext Growth Paris	EUR	0.0224	0.0224	0.0222	0.0222	19/04/2022 13:27	CET	11901	266.2022
CROSSWOOD	FR0000050395	CROS	Euronext Paris	EUR	5.55	5.55	5.55	5.55	07/04/2022 16:30	CET	18	99.90
CS GROUP.	FR0007317813	SX	Euronext Paris	EUR	6.68	6.70	6.60	6.70	19/04/2022 17:35	CET	5396	35976.28
CYBERGUN	FR0014004QR6	ALCYB	Euronext Growth Paris	EUR	0.46	0.492	0.452	0.484	19/04/2022 17:35	CET	444002	208796.7848
CYBERGUN BSA 2	FR0013340817	CYBBT	Euronext Growth Paris	EUR	0.0005	0.0005	0.0005	0.0005	14/03/2022 09:00	CET	14	0.01
CYBERGUN BSA K1	FR0013507977	CYBK1	Euronext Growth Paris	EUR	0.002	0.002	0.002	0.002	22/03/2022 16:31	CET	2460	4.92
CYBERGUN BSA K2A	FR0013507985	CYBKA	Euronext Growth Paris	EUR	0.0015	0.0015	0.0015	0.0015	05/04/2022 09:04	CET	212392	318.59
CYBERGUN BSA K2B	FR0013508009	CYBKB	Euronext Growth Paris	EUR	0.0005	0.0005	0.0005	0.0005	13/04/2022 11:41	CET	16704	8.35
D.L.S.I.	FR0010404368	ALDLS	Euronext Growth Paris	EUR	12.50	13.10	12.50	12.85	19/04/2022 17:01	CET	994	12700.05
DAMARIS	FR0000077885	MLDAM	Euronext Access Paris	EUR	9.80	9.80	9.80	9.80	06/04/2022 16:30	CET	2	19.60
DAMARTEX	FR0000185423	ALDAR	Euronext Growth Paris	EUR	14.65	14.75	14.60	14.65	19/04/2022 17:25	CET	491	7201.85
DANONE	FR0000120644	BN	Euronext Paris	EUR	52.61	52.90	51.62	52.63	19/04/2022 17:39	CET	1471915	77217049.95
DASSAULT AVIATION	FR0014004L86	AM	Euronext Paris	EUR	159.80	160.80	158.00	159.30	19/04/2022 17:35	CET	83865	13347555.30
DASSAULT SYS NV22	FR00140078T7	DSYNV	Euronext Paris	EUR	57.00	57.00	57.00	57.00	08/02/2022 11:30	CET	22	1254.00
DASSAULT SYSTEMES	FR0014003TT8	DSY	Euronext Paris	EUR	40.57	40.57	39.45	40.245	19/04/2022 17:35	CET	1378955	55202271.11
DBT	FR0013066750	ALDBT	Euronext Growth Paris	EUR	0.0338	0.0338	0.0317	0.0334	19/04/2022 17:29	CET	1829559	60772.5089
DBV TECHNOLOGIES	FR0010417345	DBV	Euronext Paris	EUR	2.71	2.71	2.582	2.69	19/04/2022 17:35	CET	100160	264021.492
DEE TECH SHARES	FR0014003G01	DEE	Euronext Paris	EUR	9.90	9.90	9.90	9.90	19/04/2022 09:00	CET	10	99.00
DEE TECH WARRANTS	FR0014003G19	DEEW	Euronext Paris	EUR	0.30	0.30	0.30	0.30	22/12/2021 12:00	CET	1000	300.00
DEINOVE	FR0010879056	ALDEI	Euronext Growth Paris	EUR	0.289	0.295	0.2805	0.2875	19/04/2022 17:17	CET	93158	26745.223
DEKUPLE	FR0000062978	DKUPL	Euronext Paris	EUR	35.50	35.50	33.00	33.90	19/04/2022 17:35	CET	4146	140969.40
DELFINGEN	FR0000054132	ALDEL	Euronext Growth Paris	EUR	53.00	53.20	52.00	52.60	19/04/2022 17:35	CET	822	43514.00
DELTA DRONE	FR0011522168	ALDR	Euronext Growth Paris	EUR	0.0005	0.0006	0.0004	0.0006	19/04/2022 17:35	CET	200688075	100374.1625
DELTA DRONE BSA Y	FR0013400991	ALDBY	Euronext Growth Paris	EUR	0.0015	0.0015	0.0015	0.0015	13/04/2022 14:37	CET	191	0.29
DELTA PLUS GROUP	FR0013283108	ALDLT	Euronext Growth Paris	EUR	91.00	91.00	88.20	88.50	19/04/2022 17:35	CET	1284	114817.70
DERICHEBOURG	FR0000053381	DBG	Euronext Paris	EUR	9.315	9.45	9.27	9.395	19/04/2022 17:35	CET	99662	933340.615
DEVERNOIS	FR0000060840	ALDEV	Euronext Growth Paris	EUR	10.00	10.00	10.00	10.00	11/04/2022 11:30	CET	36	360.00
DIAGEO	GB0002374006	DGE	Euronext Paris	EUR	47.40	47.80	47.40	47.80	14/04/2022 16:49	CET	1386	66240.40
DIAGNOSTIC MEDICAL	FR0012202497	ALDMS	Euronext Growth Paris	EUR	1.155	1.205	1.15	1.15	19/04/2022 17:28	CET	5863	6878.56
DMS IMAGING	BE0974289218	DMSIM	Euronext Brussels, Paris	EUR	0.161	0.164	0.1585	0.1585	19/04/2022 15:50	CET	14482	2323.65
DNXCORP	FR0010436584	ALDNX	Euronext Growth Paris	EUR	11.55	11.65	11.00	11.00	19/04/2022 13:47	CET	2669	29854.70
DOCK.PETR.AMBES AM	FR0000065260	DPAM	Euronext Paris	EUR	454.00	454.00	454.00	454.00	19/04/2022 11:30	CET	5	2270.00
DOLFINES	FR0014004QZ9	ALDOL	Euronext Growth Paris	EUR	0.578	0.58	0.545	0.56	19/04/2022 17:35	CET	145377	81181.503
DONTNOD	FR0013331212	ALDNE	Euronext Growth Paris	EUR	12.30	12.30	12.10	12.30	19/04/2022 16:48	CET	5200	63648.05
DRONE VOLT	FR0013088606	ALDRV	Euronext Growth Paris	EUR	0.0378	0.0388	0.0355	0.0375	19/04/2022 17:35	CET	4616054	169969.4098
DRONE VOLT BS26	FR0014007951	BNBS	Euronext Growth Paris	EUR	0.0139	0.0139	0.0139	0.0139	08/04/2022 17:15	CET	60000	834.00
DYNAFOND	FR0000052920	MLDYN	Euronext Access Paris	EUR	3.96	3.96	3.96	3.96	15/03/2021 11:30	CET	15	59.40
DYNEX ENERGY SA	LU0881232630	MLDYX	Euronext Access Paris	EUR	1.39	1.39	1.39	1.39	31/03/2022 11:33	CET	25	34.75
E PANGO	FR0014004339	ALAGO	Euronext Growth Paris	EUR	4.46	4.47	4.46	4.47	10/02/2022 14:03	CET	121	539.86
EASSON HOLDINGS	HK0000038783	MLEAS	Euronext Access Paris	EUR	0.482	0.482	0.482	0.482	13/01/2022 16:30	CET	38	18.32
EAUX DE ROYAN	FR0007200100	MLEDR	Euronext Access Paris	EUR	94.00	94.00	94.00	94.00	19/04/2022 11:30	CET	20	1880.00
EAVS	FR0010536185	MLEAV	Euronext Access Paris	EUR	10.30	10.30	10.30	10.30	05/05/2021 11:30	CET	145	1493.50
ECOLUTIONS	DE000A0XYM45	MLECO	Euronext Access Paris	EUR	1.25	1.25	1.25	1.25	21/12/2016 15:00	CET	100	125.00
ECOMIAM	FR0013534617	ALECO	Euronext Growth Paris	EUR	9.92	10.00	9.80	9.90	19/04/2022 17:20	CET	2408	23842.32
ECOSLOPS	FR0011490648	ALESA	Euronext Growth Paris	EUR	9.54	9.54	9.32	9.50	19/04/2022 14:55	CET	710	6673.84
EDENRED	FR0010908533	EDEN	Euronext Paris	EUR	49.39	49.56	49.02	49.28	19/04/2022 17:35	CET	552680	27214300.64
EDF	FR0010242511	EDF	Euronext Paris	EUR	8.50	8.65	8.424	8.65	19/04/2022 17:35	CET	3678420	31606609.38
EDILIZIACROBATICA	IT0005351504	ALEAC	Euronext Growth Paris	EUR	17.90	17.90	17.64	17.64	19/04/2022 14:50	CET	391	6928.60
EDITIONS DU SIGNE	FR0000052755	MLEDS	Euronext Access Paris	EUR	0.25	0.25	0.25	0.25	19/04/2022 11:30	CET	11876	2969.00
EDUFORM ACTION	FR0010882886	MLEFA	Euronext Access Paris	EUR	1.03	1.03	1.03	1.03	19/04/2022 11:30	CET	30175	31080.25
EDUNIVERSAL	FR0010439265	MLEDU	Euronext Access Paris	EUR	8.42	8.42	8.42	8.42	18/04/2012 15:00	CET	850	7157.00
EES	FR0010945733	MLEES	Euronext Access Paris	EUR	0.282	0.282	0.282	0.282	06/08/2020 16:30	CET	20	5.64
EGIDE	FR0000072373	GID	Euronext Paris	EUR	1.212	1.234	1.154	1.176	19/04/2022 17:35	CET	30259	35969.572
EIFFAGE	FR0000130452	FGR	Euronext Paris	EUR	92.78	93.70	92.06	92.92	19/04/2022 17:35	CET	181858	16905235.30
EKINOPS	FR0011466069	EKI	Euronext Paris	EUR	6.90	6.90	6.66	6.72	19/04/2022 17:35	CET	16625	112405.12
ELEC.STRASBOURG	FR0000031023	ELEC	Euronext Paris	EUR	104.00	105.50	104.00	105.50	19/04/2022 17:35	CET	478	50134.50
ELECT. MADAGASCAR	FR0000035719	EEM	Euronext Paris	EUR	3.28	3.28	3.28	3.28	03/02/2020 16:30	CET	1034	3391.52
ELIOR GROUP	FR0011950732	ELIOR	Euronext Paris	EUR	2.50	2.602	2.484	2.60	19/04/2022 17:36	CET	1134738	2870148.946
ELIS	FR0012435121	ELIS	Euronext Paris	EUR	13.32	13.43	13.04	13.34	19/04/2022 17:35	CET	302894	4028424.57
EMOVA GROUP	FR0013356755	ALEMV	Euronext Growth Paris	EUR	1.535	1.555	1.50	1.51	19/04/2022 16:42	CET	16180	24546.995
ENCRES DUBUIT	FR0004030708	ALDUB	Euronext Growth Paris	EUR	3.78	3.78	3.78	3.78	19/04/2022 09:00	CET	101	381.78
ENENSYS	FR0013330792	ALNN6	Euronext Growth Paris	EUR	1.165	1.165	1.085	1.10	19/04/2022 17:06	CET	16826	18657.92
ENERGISME	FR0013399359	ALNRG	Euronext Growth Paris	EUR	1.134	1.18	1.112	1.132	19/04/2022 17:35	CET	15959	17968.266
ENERTIME	FR0011915339	ALENE	Euronext Growth Paris	EUR	1.962	1.98	1.96	1.97	19/04/2022 17:35	CET	7652	15062.026
ENGIE	FR0010208488	ENGI	Euronext Paris, Brussels	EUR	11.632	11.816	11.544	11.686	19/04/2022 17:35	CET	6112032	71463333.954
ENOGIA	FR0014004974	ALENO	Euronext Growth Paris	EUR	8.38	8.72	8.32	8.68	19/04/2022 17:24	CET	9686	82112.60
ENTECH	FR0014004362	ALESE	Euronext Growth Paris	EUR	6.57	6.57	6.45	6.45	19/04/2022 17:10	CET	566	3692.42
ENTREPARTICULIERS	FR0010424697	ALENT	Euronext Growth Paris	EUR	2.85	3.095	2.85	2.945	19/04/2022 17:35	CET	6888	20083.28
ENTREPRENDRE	FR0000045122	ALENR	Euronext Growth Paris	EUR	5.80	5.80	5.80	5.80	07/04/2022 16:30	CET	1	5.80
ENVEA	FR0010278762	ALTEV	Euronext Growth Paris	EUR	165.50	167.50	165.50	167.50	14/03/2022 14:50	CET	72	11939.50
EO2	FR0010465534	ALEO2	Euronext Growth Paris	EUR	5.04	5.04	5.04	5.04	19/04/2022 11:00	CET	801	4037.04
ERAMET	FR0000131757	ERA	Euronext Paris	EUR	152.00	156.50	146.80	147.90	19/04/2022 17:35	CET	87695	13169844.90
EROLD	FR0010211037	ALPLA	Euronext Growth Paris	EUR	1.145	1.145	1.10	1.10	19/04/2022 17:27	CET	4120	4572.125
ERYTECH PHARMA	FR0011471135	ERYP	Euronext Paris	EUR	1.18	1.242	1.18	1.24	19/04/2022 17:35	CET	103717	126504.532
ESI GROUP	FR0004110310	ESI	Euronext Paris	EUR	69.00	69.40	68.40	68.60	19/04/2022 17:35	CET	514	35360.80
ESKER	FR0000035818	ALESK	Euronext Growth Paris	EUR	164.40	168.10	161.20	166.90	19/04/2022 17:35	CET	12323	2034705.90
ESPERITE	NL0009272137	ESP	Euronext Amsterdam, Paris	EUR	0.0236	0.0254	0.0236	0.0254	19/04/2022 17:35	CET	106089	2570.4578
ESSILORLUXOTT NV22	FR0014007HJ5	ELNV	Euronext Paris	EUR	-	-	-	-	-	CET	-	-
ESSILORLUXOTTICA	FR0000121667	EL	Euronext Paris	EUR	164.80	166.00	162.10	165.25	19/04/2022 17:35	CET	506009	83272074.85
ESSO	FR0000120669	ES	Euronext Paris	EUR	52.00	54.00	49.60	50.40	19/04/2022 17:35	CET	96162	4993945.90
EURASIA FONC INV	FR0000061475	EFI	Euronext Paris	EUR	0.296	0.296	0.296	0.296	13/04/2022 11:30	CET	49	14.51
EURASIA GROUPE	FR0010844001	ALEUA	Euronext Growth Paris	EUR	4.22	4.22	4.22	4.22	19/04/2022 09:04	CET	1	4.22
EURAZEO	FR0000121121	RF	Euronext Paris	EUR	78.05	78.65	76.90	77.50	19/04/2022 17:35	CET	84983	6592564.30
EURO RESSOURCES	FR0000054678	EUR	Euronext Paris	EUR	3.30	3.33	3.26	3.30	19/04/2022 17:13	CET	7101	23439.71
EUROBIO-SCIENTIFIC	FR0013240934	ALERS	Euronext Growth Paris	EUR	17.75	17.96	17.31	17.62	19/04/2022 17:35	CET	89635	1574467.77
EUROFINS CEREP	FR0013256518	ALECR	Euronext Growth Paris	EUR	22400.00	22400.00	22400.00	22400.00	13/04/2022 16:30	CET	1	22400.00
EUROFINS SCIE NV22	FR0014006O73	ERFNV	Euronext Paris	EUR	93.52	93.52	93.52	93.52	19/04/2022 16:39	CET	1450	135604.00
EUROFINS SCIENT.	FR0014000MR3	ERF	Euronext Paris	EUR	95.00	95.04	91.84	94.88	19/04/2022 17:35	CET	383448	36033812.58
EUROLAND CORPORATE	FR0010157115	MLERO	Euronext Access Paris	EUR	2.80	2.80	2.60	2.60	19/04/2022 16:30	CET	1039	2709.20
EUROLOG CANOLA	ES0105586004	MLCAN	Euronext Access Paris	EUR	1320.00	1320.00	1320.00	1320.00	11/08/2021 00:00	CET	-	-
EUROMEDIS GROUPE	FR0000075343	ALEMG	Euronext Growth Paris	EUR	8.62	8.64	8.38	8.45	19/04/2022 16:12	CET	2881	24436.83
EURONEXT	NL0006294274	ENX	Euronext Paris, Amsterdam, Brussels	EUR	83.02	83.02	80.70	80.70	19/04/2022 17:35	CET	144054	11671900.28
EUROPACORP	FR0010490920	ALECP	Euronext Growth Paris	EUR	0.53	0.53	0.496	0.512	19/04/2022 14:55	CET	12186	6186.254
EUROPCAR MOBILITY	FR0012789949	EUCAR	Euronext Paris	EUR	0.4975	0.503	0.4975	0.5028	19/04/2022 17:35	CET	3593908	1795147.3572
EUROPLASMA	FR0013514114	ALEUP	Euronext Growth Paris	EUR	0.0271	0.0348	0.0256	0.0342	19/04/2022 17:35	CET	8069846	239776.3811
EUTELSAT COMMUNIC.	FR0010221234	ETL	Euronext Paris	EUR	10.23	10.30	10.05	10.25	19/04/2022 17:35	CET	403883	4111666.37
EVERGREEN	FR0000035784	EGR	Euronext Paris	EUR	2.98	2.98	2.94	2.97	19/04/2022 16:02	CET	1227	3635.05
EVERSET	FR0000044745	MLEVE	Euronext Access Paris	EUR	0.406	0.406	0.406	0.406	22/03/2021 11:30	CET	6535	2653.21
EVOLIS	FR0004166197	ALTVO	Euronext Growth Paris	EUR	29.40	29.40	28.20	29.40	11/04/2022 16:01	CET	60	1760.40
EXACOMPTA CLAIREF.	FR0000064164	ALEXA	Euronext Growth Paris	EUR	105.00	105.00	105.00	105.00	14/04/2022 11:32	CET	10	1050.00
EXCLUSIVE NETWORKS	FR0014005DA7	EXN	Euronext Paris	EUR	19.10	19.14	18.90	18.92	19/04/2022 17:35	CET	5021	95071.84
EXEL INDUSTRIES	FR0004527638	EXE	Euronext Paris	EUR	64.00	64.00	63.20	63.60	19/04/2022 17:35	CET	222	14154.80
EXPLOSIFS PROD.CHI	FR0014003AQ4	EXPL	Euronext Paris	EUR	62.00	62.00	62.00	62.00	19/04/2022 11:30	CET	31	1922.00
FACEPHI	ES0105029005	ALPHI	Euronext Growth Paris	EUR	2.90	3.00	2.90	3.00	19/04/2022 12:55	CET	5	14.90
FAIFEY INVEST	ES0105553004	MLECE	Euronext Access Paris	EUR	19.80	19.80	19.80	19.80	29/07/2021 00:00	CET	-	-
FASHION B AIR	FR0004034593	ALFBA	Euronext Growth Paris	EUR	0.406	0.42	0.406	0.42	13/04/2022 15:24	CET	3518	1433.32
FAURECIA	FR0000121147	EO	Euronext Paris	EUR	22.50	22.83	21.66	22.53	19/04/2022 17:35	CET	1723366	38374744.35
FAUVET GIREL	FR0000063034	FAUV	Euronext Paris	EUR	24.40	24.40	24.40	24.40	19/04/2022 12:52	CET	50	1220.00
FAYENC.SARREGUEMI.	FR0000031973	FAYE	Euronext Paris	EUR	23.40	23.40	23.40	23.40	13/04/2022 16:30	CET	100	2340.00
FD	FR0012300424	MLFDV	Euronext Access Paris	EUR	0.80	0.80	0.80	0.80	28/02/2022 11:30	CET	400	320.00
FDJ	FR0013451333	FDJ	Euronext Paris	EUR	35.74	36.04	35.52	35.69	19/04/2022 17:35	CET	171443	6127112.02
FERM.CAS.MUN.CANNE	FR0000062101	FCMC	Euronext Paris	EUR	1170.00	1170.00	1170.00	1170.00	11/04/2022 17:27	CET	10	11700.00
FERMENTALG	FR0011271600	FALG	Euronext Paris	EUR	2.79	2.868	2.758	2.86	19/04/2022 17:35	CET	158213	446655.00
FIDUCIAL OFF.SOL.	FR0000061418	SACI	Euronext Paris	EUR	27.80	27.80	27.80	27.80	19/04/2022 11:30	CET	1	27.80
FIDUCIAL REAL EST.	FR0000060535	ORIA	Euronext Paris	EUR	184.00	184.00	184.00	184.00	19/04/2022 11:30	CET	3	552.00
FIGEAC AERO	FR0011665280	FGA	Euronext Paris	EUR	5.16	5.28	5.16	5.20	19/04/2022 17:29	CET	3458	17913.37
FIN.ETANG BERRE	FR0000062341	BERR	Euronext Paris	EUR	6.80	6.80	6.80	6.80	19/04/2022 16:43	CET	2000	13600.00
FIN.ETANG BERRE PF	FR0000062507	EBPF	Euronext Paris	EUR	155.00	155.00	155.00	155.00	19/04/2022 11:30	CET	1	155.00
FIN.OUEST AFRICAIN	SN0000033192	FOAF	Euronext Paris	EUR	3.24	3.24	3.24	3.24	07/04/2022 16:30	CET	1	3.24
FINANCIERE MARJOS	FR0000060824	FINM	Euronext Paris	EUR	0.162	0.162	0.162	0.162	13/04/2022 11:30	CET	1150	186.30
FINATIS	FR0000035123	FNTS	Euronext Paris	EUR	28.20	28.20	28.20	28.20	13/04/2022 13:37	CET	36	1015.20
FINAXO	FR0010487272	MLFXO	Euronext Access Paris	EUR	4.70	4.70	4.70	4.70	25/07/2018 16:30	CET	1000	4700.00
FIPP	FR0000038184	FIPP	Euronext Paris	EUR	0.133	0.141	0.133	0.133	19/04/2022 17:35	CET	5566	760.827
FIRSTCAUTION	CH0120879058	MLFIR	Euronext Access Paris	EUR	19.50	19.50	19.50	19.50	18/05/2021 11:30	CET	51	994.50
FLEURY MICHON	FR0000074759	ALFLE	Euronext Growth Paris	EUR	21.70	22.00	21.30	21.40	19/04/2022 17:27	CET	561	12139.70
FNAC DARTY	FR0011476928	FNAC	Euronext Paris	EUR	47.20	47.60	46.60	46.68	19/04/2022 17:35	CET	56397	2644240.92
FNPTECHNOLOGIESSA	FR0013230067	MLFNP	Euronext Access Paris	EUR	0.71	0.71	0.71	0.71	25/03/2022 11:30	CET	99	70.29
FOCUSENTERTAINMENT	FR0012419307	ALFOC	Euronext Growth Paris	EUR	41.15	41.40	40.50	40.90	19/04/2022 17:35	CET	2077	85091.50
FONCIERE 7 INVEST	FR0000065930	LEBL	Euronext Paris	EUR	0.805	0.805	0.805	0.805	13/04/2022 11:30	CET	75	60.38
FONCIERE ATLAND	FR0013455482	FATL	Euronext Paris	EUR	42.60	42.60	41.20	41.40	19/04/2022 14:52	CET	601	24913.40
FONCIERE EURIS	FR0000038499	EURS	Euronext Paris	EUR	8.00	8.00	8.00	8.00	19/04/2022 16:30	CET	243	1944.00
FONCIERE INEA	FR0010341032	INEA	Euronext Paris	EUR	46.90	47.00	46.60	47.00	19/04/2022 15:41	CET	344	16135.90
FONCIERE LYONNAISE	FR0000033409	FLY	Euronext Paris	EUR	90.00	90.00	89.00	89.60	19/04/2022 17:35	CET	281	25227.40
FONCIERE VINDI	FR0011605617	MLVIN	Euronext Access Paris	EUR	2.40	2.40	2.40	2.40	12/04/2022 16:30	CET	8	19.20
FONCIERE VOLTA	FR0000053944	SPEL	Euronext Paris	EUR	7.40	7.40	7.40	7.40	12/04/2022 16:30	CET	350	2590.00
FORESTIERE EQUAT.	CI0000053161	FORE	Euronext Paris	EUR	570.00	570.00	570.00	570.00	05/04/2022 11:30	CET	2	1140.00
FORSEE POWER	FR0014005SB3	FORSE	Euronext Paris	EUR	3.50	3.605	3.35	3.385	19/04/2022 17:26	CET	26523	92872.19
FOUNTAINE PAJOT	FR0010485268	ALFPC	Euronext Growth Paris	EUR	118.00	118.00	117.00	118.00	19/04/2022 13:58	CET	82	9671.00
FRANCAISE ENERGIE	FR0013030152	FDE	Euronext Paris	EUR	48.85	49.60	48.10	48.40	19/04/2022 17:35	CET	16693	815141.70
FRANCE SOIR GROUPE	FR0013222346	MLFSG	Euronext Access Paris	EUR	0.0045	0.0045	0.0045	0.0045	13/04/2022 11:30	CET	5000	22.50
FRANCE TOURISME	FR0010823724	MLFTI	Euronext Access Paris	EUR	0.05	0.05	0.05	0.05	13/04/2022 16:30	CET	2030	101.50
FREELANCE.COM	FR0004187367	ALFRE	Euronext Growth Paris	EUR	7.23	7.23	7.15	7.20	19/04/2022 17:35	CET	12070	86573.55
FREY	FR0010588079	FREY	Euronext Paris	EUR	33.00	33.00	33.00	33.00	19/04/2022 13:09	CET	41	1353.00
G.A.I.	FR0000053415	MLGAI	Euronext Access Paris	EUR	80.00	80.00	80.00	80.00	23/12/2021 16:34	CET	40	3200.00
GALEO	FR0011100759	MLGAL	Euronext Access Paris	EUR	1.50	1.50	1.50	1.50	30/03/2022 11:30	CET	713	1069.50
GALIMMO	FR0000030611	GALIM	Euronext Paris	EUR	13.40	13.40	13.40	13.40	19/04/2022 11:30	CET	1	13.40
GASCOGNE	FR0000124414	ALBI	Euronext Growth Paris	EUR	3.54	3.54	3.32	3.38	19/04/2022 17:29	CET	4166	14200.30
GAUMONT	FR0000034894	GAM	Euronext Paris	EUR	104.00	104.00	103.00	103.00	19/04/2022 15:34	CET	1871	192719.00
GAUSSIN	FR0013495298	ALGAU	Euronext Growth Paris	EUR	4.90	5.065	4.784	4.94	19/04/2022 17:35	CET	744365	3692670.257
GEA GRENOBL.ELECT.	FR0000053035	GEA	Euronext Paris	EUR	89.50	90.50	87.50	90.50	19/04/2022 17:29	CET	79	7042.00
GECI INTL	FR0000079634	ALGEC	Euronext Growth Paris	EUR	0.0071	0.0073	0.0071	0.0073	19/04/2022 16:57	CET	352726	2531.8046
GECINA	FR0010040865	GFC	Euronext Paris	EUR	112.00	112.60	109.60	109.70	19/04/2022 17:35	CET	89978	9932151.70
GENERAL ELECTRIC	US3696043013	GNE	Euronext Paris	EUR	82.50	85.10	82.50	85.00	19/04/2022 16:56	CET	440	36770.50
GENERIX GROUP	FR0010501692	GENX	Euronext Paris	EUR	6.84	6.88	6.50	6.50	19/04/2022 17:35	CET	8527	57552.82
GENEURO	CH0308403085	GNRO	Euronext Paris	EUR	3.21	3.22	3.21	3.22	19/04/2022 12:47	CET	491	1578.61
GENFIT	FR0004163111	GNFT	Euronext Paris	EUR	3.80	3.806	3.65	3.72	19/04/2022 17:35	CET	134231	499007.106
GENOMIC VISION	FR0011799907	GV	Euronext Paris	EUR	0.1008	0.109	0.1008	0.102	19/04/2022 17:29	CET	441202	45869.4492
GENOWAY	FR0004053510	ALGEN	Euronext Growth Paris	EUR	3.50	3.50	3.465	3.465	19/04/2022 12:27	CET	142	494.36
GENSIGHT BIOLOGICS	FR0013183985	SIGHT	Euronext Paris	EUR	2.268	2.268	2.132	2.164	19/04/2022 17:35	CET	239226	522945.132
GENTLEMENS EQUITY	PTGVE1AE0009	MLGEQ	Euronext Access Paris	EUR	0.09	0.09	0.09	0.09	19/04/2022 12:02	CET	3202	288.18
GETLINK SE	FR0010533075	GET	Euronext Paris	EUR	16.94	17.285	16.75	17.175	19/04/2022 17:35	CET	1162776	19894248.205
GEVELOT	FR0000033888	ALGEV	Euronext Growth Paris	EUR	188.00	188.00	188.00	188.00	19/04/2022 11:30	CET	16	3008.00
GL EVENTS	FR0000066672	GLO	Euronext Paris	EUR	17.26	17.44	17.02	17.16	19/04/2022 17:35	CET	12981	223088.80
GLASS TO POWER A	IT0005454167	MLGLA	Euronext Access Paris	EUR	-	-	-	-	-	CET	-	-
GLASS TO POWER B	IT0005454175	MLGLB	Euronext Access Paris	EUR	15.80	15.80	14.80	14.80	12/04/2022 16:30	CET	287	4434.60
GLASS TO POWER WAR	IT0005454134	MLGLW	Euronext Access Paris	EUR	-	-	-	-	-	CET	-	-
GLOBAL BIOENERGIES	FR0011052257	ALGBE	Euronext Growth Paris	EUR	4.94	4.95	4.82	4.87	19/04/2022 17:35	CET	14638	71223.38
GLOBAL PIELAGO	ES0105537007	MLNDG	Euronext Access Paris	EUR	4.92	4.92	4.92	4.92	16/04/2021 00:00	CET	-	-
GOLD BY GOLD	FR0011208693	ALGLD	Euronext Growth Paris	EUR	2.56	2.56	2.46	2.46	19/04/2022 16:30	CET	2036	5194.66
GOUR MEDICAL	FR0013371507	MLGML	Euronext Access Paris	EUR	0.062	0.062	0.062	0.062	14/04/2022 17:05	CET	48291	2994.04
GPE GROUP PIZZORNO	FR0010214064	GPE	Euronext Paris	EUR	42.00	42.00	41.20	41.20	19/04/2022 17:23	CET	142	5881.90
GPE PAROT (AUTO)	FR0013204070	ALPAR	Euronext Growth Paris	EUR	2.46	2.46	2.22	2.36	19/04/2022 17:35	CET	5709	13434.10
GRAINES VOLTZ	FR0000065971	GRVO	Euronext Paris	EUR	166.00	167.00	164.50	166.00	19/04/2022 17:35	CET	265	43906.00
GROLLEAU	FR0014005ZM5	ALGRO	Euronext Growth Paris	EUR	8.80	9.08	8.80	9.08	19/04/2022 14:20	CET	317	2854.82
GROUP SFIT	FR00140066X4	MLTHO	Euronext Access Paris	EUR	7.70	7.70	7.65	7.65	19/04/2022 16:36	CET	860	6589.35
GROUPE BERKEM	FR00140069V2	ALKEM	Euronext Growth Paris	EUR	9.40	9.57	9.38	9.57	19/04/2022 17:13	CET	1930	18208.09
GROUPE CARNIVOR	FR0000076960	MLGRC	Euronext Access Paris	EUR	23.80	23.80	23.80	23.80	04/04/2022 16:30	CET	23	547.40
GROUPE CASOL	FR0014003RM7	MLCAS	Euronext Access Paris	EUR	0.498	0.498	0.498	0.498	19/04/2022 11:30	CET	540	268.92
GROUPE CRIT	FR0000036675	CEN	Euronext Paris	EUR	64.40	65.60	64.00	65.60	19/04/2022 17:35	CET	1721	111065.60
GROUPE FLO	FR0014004X25	FLO	Euronext Paris	EUR	16.20	16.20	16.20	16.20	19/04/2022 09:33	CET	1	16.20
GROUPE GORGE	FR0000062671	GOE	Euronext Paris	EUR	19.24	19.70	19.24	19.66	19/04/2022 17:35	CET	15100	295086.22
GROUPE GUILLIN	FR0012819381	ALGIL	Euronext Growth Paris	EUR	20.75	21.55	20.70	21.30	19/04/2022 17:35	CET	2219	47001.25
GROUPE IRD	FR0000124232	IRD	Euronext Paris	EUR	25.005	25.005	25.005	25.005	19/04/2022 09:00	CET	1	25.005
GROUPE JAJ	FR0004010338	GJAJ	Euronext Paris	EUR	1.76	1.76	1.70	1.70	14/04/2022 16:30	CET	3345	5792.82
GROUPE LDLC	FR0000075442	ALLDL	Euronext Growth Paris	EUR	29.90	31.50	29.05	31.40	19/04/2022 17:35	CET	29403	877279.40
GROUPE OPEN	FR0004050300	OPN	Euronext Paris	EUR	33.50	33.50	33.50	33.50	13/04/2022 17:35	CET	8724	292254.00
GROUPE PARTOUCHE	FR0012612646	PARP	Euronext Paris	EUR	19.80	20.10	19.80	20.00	19/04/2022 13:25	CET	272	5386.30
GROUPE PLUS-VALUES	FR0010529719	MLPVG	Euronext Access Paris	EUR	0.01	0.01	0.01	0.01	18/03/2013 15:00	CET	20000	200.00
GROUPE SFPI	FR0004155000	SFPI	Euronext Paris	EUR	2.745	2.795	2.735	2.79	19/04/2022 17:35	CET	19698	54534.135
GROUPE TERA	FR0013429404	ALGTR	Euronext Growth Paris	EUR	6.20	6.25	6.00	6.00	19/04/2022 14:51	CET	362	2235.30
GROUPIMO	FR0014000RP6	ALIMO	Euronext Growth Paris	EUR	1.80	1.80	1.80	1.80	19/04/2022 11:30	CET	1	1.80
GT BIOPHARMA INC	US36254L2097	GTBP	Euronext Paris	EUR	0.55	0.55	0.55	0.55	24/12/2020 11:30	CET	211	116.05
GTT	FR0011726835	GTT	Euronext Paris	EUR	116.70	117.80	116.00	116.60	19/04/2022 17:35	CET	84197	9838479.80
GUANDAO PUER INVES	LU1840650458	MLGDI	Euronext Access Paris	EUR	0.46	0.46	0.46	0.46	21/03/2022 11:30	CET	257	118.22
GUERBET	FR0000032526	GBT	Euronext Paris	EUR	26.20	26.65	25.75	26.65	19/04/2022 17:35	CET	8579	224282.90
GUILLEMOT	FR0000066722	GUI	Euronext Paris	EUR	13.10	13.20	12.88	13.06	19/04/2022 17:35	CET	5827	75779.40
H2O INNOVATION INC	CA4433003064	ALHEO	Euronext Growth Paris	EUR	1.56	1.56	1.56	1.56	19/04/2022 11:30	CET	40	62.40
HAFFNER ENERGY	FR0014007ND6	ALHAF	Euronext Growth Paris	EUR	8.18	8.199	7.90	8.06	19/04/2022 17:35	CET	16721	134339.691
HAMILTON GLOBAL OP	GB00BMDXQ672	ALHGO	Euronext Growth Paris	EUR	49.40	49.40	49.40	49.40	19/04/2022 09:00	CET	1	49.40
HAULOTTE GROUP	FR0000066755	PIG	Euronext Paris	EUR	3.985	3.985	3.91	3.93	19/04/2022 17:29	CET	5264	20876.97
HDF	FR0014003VY4	HDF	Euronext Paris	EUR	32.80	32.90	32.15	32.50	19/04/2022 17:35	CET	6071	198264.00
HEALTH	FR0013251584	MLAHC	Euronext Access Paris	EUR	0.60	0.60	0.60	0.60	23/03/2022 16:30	CET	370	222.00
HEALTHCARE ACTIVOS	ES0105498002	MLHAY	Euronext Access Paris	EUR	-	-	-	-	-	CET	-	-
HERIGE	FR0000066540	ALHRG	Euronext Growth Paris	EUR	40.00	40.30	39.00	39.50	19/04/2022 17:35	CET	652	25849.80
HERMES INTL	FR0000052292	RMS	Euronext Paris	EUR	1265.00	1272.00	1223.00	1237.00	19/04/2022 17:35	CET	66324	82283087.00
HEXAOM	FR0004159473	HEXA	Euronext Paris	EUR	29.90	31.00	29.90	31.00	19/04/2022 17:35	CET	2084	63399.60
HF COMPANY	FR0000038531	ALHF	Euronext Growth Paris	EUR	6.00	6.04	6.00	6.04	19/04/2022 17:35	CET	4951	29861.68
HIGH CO	FR0000054231	HCO	Euronext Paris	EUR	5.82	5.88	5.72	5.74	19/04/2022 17:35	CET	8779	50933.34
HIOLLE INDUSTRIES	FR0000077562	ALHIO	Euronext Growth Paris	EUR	3.84	3.84	3.76	3.78	19/04/2022 12:37	CET	1545	5823.40
HIPAY GROUP	FR0012821916	ALHYP	Euronext Growth Paris	EUR	11.40	11.46	10.88	11.00	19/04/2022 17:12	CET	5324	59737.52
HITECHPROS	FR0010396309	ALHIT	Euronext Growth Paris	EUR	15.70	15.70	15.70	15.70	19/04/2022 11:48	CET	1152	18086.40
HK	DE000A11Q133	MLHK	Euronext Access Paris	EUR	155.00	155.00	151.00	151.00	19/04/2022 16:30	CET	108	16728.00
HOCHE BAINS L.BAIN	FR0000051302	MLHBB	Euronext Access Paris	EUR	42.00	42.00	42.00	42.00	18/03/2022 11:30	CET	50	2100.00
HOFFMANN	FR0013451044	ALHGR	Euronext Growth Paris	EUR	18.30	18.30	18.02	18.16	19/04/2022 17:35	CET	2557	46602.24
Holcim Ltd	CH0012214059	HOLN	Euronext Paris	EUR	43.00	43.20	42.50	43.10	19/04/2022 17:35	CET	18650	800181.00
HOME CONCEPT	FR0012336691	MLHCF	Euronext Access Paris	EUR	16.10	16.10	16.10	16.10	14/12/2021 16:30	CET	10	161.00
HOPENING	FR0010312181	MLHPE	Euronext Access Paris	EUR	3.60	3.60	3.60	3.60	25/03/2022 16:30	CET	250	900.00
HOPIUM	FR0014000U63	ALHPI	Euronext Growth Paris	EUR	20.95	20.95	20.40	20.60	19/04/2022 17:35	CET	2295	47528.30
HOPSCOTCH GROUPE	FR0000065278	HOP	Euronext Paris	EUR	13.00	13.00	11.70	12.70	19/04/2022 17:35	CET	11052	136078.15
HOT.MAJESTIC CANNE	FR0006226791	MLHMC	Euronext Access Paris	EUR	3920.00	3920.00	3920.00	3920.00	06/08/2021 16:30	CET	1	3920.00
HOTELIM	FR0000053738	MLHOT	Euronext Access Paris	EUR	28.80	28.80	28.80	28.80	17/03/2022 16:54	CET	50	1440.00
HOTELS DE PARIS	FR0004165801	HDP	Euronext Paris	EUR	1.89	1.89	1.89	1.89	19/04/2022 11:30	CET	1000	1890.00
HOTL.IMMOB.NICE	FR0006563904	MLHIN	Euronext Access Paris	EUR	220.00	220.00	220.00	220.00	19/04/2022 16:30	CET	23	5060.00
HUNYVERS	FR0014007LQ2	ALHUN	Euronext Growth Paris	EUR	12.048	12.15	11.89	12.09	19/04/2022 15:49	CET	1300	15614.77
HYBRIGENICS	FR0004153930	ALHYG	Euronext Growth Paris	EUR	0.1322	0.1383	0.129	0.1325	19/04/2022 17:37	CET	926253	121201.0635
HYDRAULIQUE PB	FR0000064735	MLHYD	Euronext Access Paris	EUR	540.00	540.00	540.00	540.00	21/03/2022 11:34	CET	1	540.00
HYDRO-EXPLOIT.	FR0005843125	MLHYE	Euronext Access Paris	EUR	122.00	122.00	122.00	122.00	25/03/2022 11:49	CET	1947	237534.00
HYDROGEN REFUELING	FR0014001PM5	ALHRS	Euronext Growth Paris	EUR	22.24	22.62	22.20	22.50	19/04/2022 17:35	CET	4550	101873.24
I.CERAM	FR0014005IU4	ALICR	Euronext Growth Paris	EUR	10.60	10.60	10.50	10.50	19/04/2022 16:18	CET	80	845.60
I2PO SHARES	FR0014004J15	I2PO	Euronext Paris	EUR	10.00	10.00	9.90	9.90	19/04/2022 17:35	CET	157809	1562638.25
I2PO WARRANTS	FR0014004JF6	I2POW	Euronext Paris	EUR	0.20	0.24	0.20	0.24	19/04/2022 17:35	CET	550001	123200.24
I2S	FR0005854700	ALI2S	Euronext Growth Paris	EUR	5.90	5.90	5.90	5.90	19/04/2022 11:30	CET	7	41.30
IANTE INVESTMENTS	ES0105479002	MLINT	Euronext Access Paris	EUR	-	-	-	-	-	CET	-	-
ICADE	FR0000035081	ICAD	Euronext Paris	EUR	60.40	61.10	59.60	59.60	19/04/2022 17:35	CET	64929	3899781.00
ID LOGISTICS GROUP	FR0010929125	IDL	Euronext Paris	EUR	302.00	309.00	300.50	307.50	19/04/2022 17:35	CET	4472	1373568.50
IDI	FR0000051393	IDIP	Euronext Paris	EUR	55.80	56.60	55.60	55.60	19/04/2022 16:41	CET	361	20264.60
IDS	FR0000079691	MLIDS	Euronext Access Paris	EUR	0.71	0.71	0.71	0.71	19/04/2022 11:30	CET	10	7.10
IDSUD	FR0000062184	ALIDS	Euronext Growth Paris	EUR	148.50	148.50	148.50	148.50	13/04/2022 14:48	CET	3	445.50
IGE + XAO	FR0000030827	IGE	Euronext Paris	EUR	230.00	230.00	228.00	228.00	19/04/2022 12:55	CET	62	14152.00
IGIS NEPTUNE	ES0105551008	MLABC	Euronext Access Paris	EUR	11.43	11.43	11.43	11.43	31/08/2021 00:00	CET	-	-
IKONISYS	FR00140048X2	ALIKO	Euronext Growth Paris	EUR	2.70	2.72	2.55	2.72	19/04/2022 17:35	CET	1516	4019.45
ILBE	IT0005380602	ALIE	Euronext Growth Paris	EUR	2.295	2.40	2.15	2.25	19/04/2022 13:48	CET	181	407.295
IMALLIANCE	FR0010086371	MLIML	Euronext Access Paris	EUR	0.07	0.07	0.07	0.07	19/04/2022 16:31	CET	10387	727.09
IMERYS	FR0000120859	NK	Euronext Paris	EUR	37.58	38.10	37.54	37.70	19/04/2022 17:36	CET	55208	2087103.70
IMM.PARIS.PERLE	FR0006859039	MLIPP	Euronext Access Paris	EUR	45.00	45.00	45.00	45.00	08/06/2021 11:30	CET	12	540.00
IMMERSION	FR0013060100	ALIMR	Euronext Growth Paris	EUR	7.08	7.08	7.08	7.08	19/04/2022 16:37	CET	10310	72994.80
IMMOB.DASSAULT	FR0000033243	IMDA	Euronext Paris	EUR	62.40	62.80	61.20	62.20	19/04/2022 17:16	CET	520	32089.00
IMPLANET	FR0013470168	ALIMP	Euronext Growth Paris	EUR	0.26	0.2775	0.26	0.2775	19/04/2022 17:35	CET	193538	52545.1775
IMPRIMERIE CHIRAT	FR0000065773	MLIMP	Euronext Access Paris	EUR	5.05	5.05	5.05	5.05	19/04/2022 16:30	CET	23	116.15
IMPULSE FITNESS	ES0105590006	MLIFS	Euronext Access Paris	EUR	12.00	12.00	12.00	12.00	06/04/2022 11:30	CET	615	7380.00
INDLE FIN.ENTREPR.	FR0000066219	INFE	Euronext Paris	EUR	48.00	48.00	48.00	48.00	19/04/2022 11:30	CET	7	336.00
INFOCLIP	FR0011158823	MLIFC	Euronext Access Paris	EUR	2.00	2.00	2.00	2.00	10/02/2022 14:11	CET	320	640.00
INFOTEL	FR0000071797	INF	Euronext Paris	EUR	55.00	55.20	54.60	54.60	19/04/2022 17:29	CET	5484	301759.50
INMARK	ES0105511002	MLINM	Euronext Access Paris	EUR	17.90	17.90	17.90	17.90	08/04/2021 00:00	CET	-	-
INMOSUPA	ES0105473005	MLISP	Euronext Access Paris	EUR	-	-	-	-	-	CET	-	-
INNATE PHARMA	FR0010331421	IPH	Euronext Paris	EUR	2.90	2.90	2.814	2.844	19/04/2022 17:35	CET	106405	302723.456
INNELEC MULTIMEDIA	FR0000064297	ALINN	Euronext Growth Paris	EUR	5.54	5.60	5.54	5.54	19/04/2022 11:39	CET	297	1651.30
INNOVADERMA PLC	GB00BT9PTW34	MLIDP	Euronext Access Paris	EUR	0.70	0.70	0.70	0.70	05/09/2016 15:00	CET	75	52.50
INNOVATIVE RFK SPA	IT0005391161	MLIRF	Euronext Access Paris	EUR	2.06	2.06	2.06	2.06	29/03/2022 11:30	CET	1	2.06
INSTALLUX	FR0000060451	ALLUX	Euronext Growth Paris	EUR	378.00	386.00	378.00	386.00	19/04/2022 17:12	CET	333	127770.00
INTEGRAGEN	FR0010908723	ALINT	Euronext Growth Paris	EUR	1.22	1.225	1.20	1.20	19/04/2022 17:29	CET	276	334.095
INTEGRITAS VIAGER	FR0014003FN0	MLVIE	Euronext Access Paris	EUR	118.00	118.00	118.00	118.00	28/01/2022 16:30	CET	10	1180.00
INTERPARFUMS	FR0004024222	ITP	Euronext Paris	EUR	53.70	53.70	51.60	51.60	19/04/2022 17:35	CET	20930	1090116.50
INTEXA	FR0000064958	ITXT	Euronext Paris	EUR	4.40	4.40	4.40	4.40	11/02/2022 16:30	CET	100	440.00
INTRASENSE	FR0011179886	ALINS	Euronext Growth Paris	EUR	0.4285	0.4375	0.4165	0.435	19/04/2022 17:35	CET	10881	4678.945
INVENTIVA	FR0013233012	IVA	Euronext Paris	EUR	9.70	9.85	9.70	9.77	19/04/2022 17:35	CET	4503	44053.99
INVIBES ADVERTSING	BE0974299316	ALINV	Euronext Growth Paris	EUR	17.80	17.80	17.80	17.80	19/04/2022 17:18	CET	396	7048.80
IOC HOLDING	BE6200101556	MLIOC	Euronext Access Paris	EUR	0.364	0.364	0.364	0.364	25/02/2022 16:30	CET	100	36.40
IPOSA PROPERTIES	ES0105417002	MLIPO	Euronext Access Paris	EUR	-	-	-	-	-	CET	-	-
IPSEN	FR0010259150	IPN	Euronext Paris	EUR	114.20	115.20	113.10	115.20	19/04/2022 17:35	CET	139060	15963119.90
IPSOS	FR0000073298	IPS	Euronext Paris	EUR	43.70	43.90	43.20	43.55	19/04/2022 17:35	CET	33137	1444301.00
IPSOS NV22	FR00140078W1	IPSNV	Euronext Paris	EUR	43.95	43.95	43.95	43.95	05/04/2022 12:04	CET	6620	290949.00
ISPD	ES0109429037	ALISP	Euronext Growth Paris	EUR	4.36	4.38	4.36	4.38	19/04/2022 17:03	CET	4	17.50
IT LINK	FR0000072597	ALITL	Euronext Growth Paris	EUR	27.30	27.30	27.10	27.30	19/04/2022 17:35	CET	1550	42247.80
ITALY INNOVAZIONI	IT0005336521	MLITN	Euronext Access Paris	EUR	10.20	10.20	10.20	10.20	17/02/2022 16:45	CET	1500	15300.00
ITESOFT	FR0004026151	ITE	Euronext Paris	EUR	4.01	4.01	4.01	4.01	19/04/2022 10:54	CET	14	56.14
JACQUES BOGART	FR0012872141	JBOG	Euronext Paris	EUR	11.00	11.00	11.00	11.00	19/04/2022 17:35	CET	6	66.00
JACQUET METALS	FR0000033904	JCQ	Euronext Paris	EUR	20.25	20.85	20.15	20.85	19/04/2022 17:35	CET	29403	604820.50
JC DECAUX SA.	FR0000077919	DEC	Euronext Paris	EUR	20.32	20.34	19.86	20.06	19/04/2022 17:35	CET	71114	1426539.46
JSA TECHNOLOGY	FR0010680033	MLJSA	Euronext Access Paris	EUR	0.53	0.53	0.53	0.53	08/04/2022 16:30	CET	500	265.00
JUNGLE21	ES0105636007	MLJ21	Euronext Access Paris	EUR	3.14	3.14	3.14	3.14	03/03/2022 00:00	CET	-	-
KALRAY	FR0010722819	ALKAL	Euronext Growth Paris	EUR	25.20	26.35	25.20	25.90	19/04/2022 17:35	CET	14198	361942.75
KAUFMAN ET BROAD	FR0004007813	KOF	Euronext Paris	EUR	28.00	28.20	26.70	27.70	19/04/2022 17:35	CET	44137	1211761.25
KERING	FR0000121485	KER	Euronext Paris	EUR	529.80	534.20	520.20	529.90	19/04/2022 17:35	CET	178288	94242051.30
KERLINK	FR0013156007	ALKLK	Euronext Growth Paris	EUR	3.96	4.35	3.96	4.31	19/04/2022 17:26	CET	59123	249635.495
KEYRUS	FR0004029411	ALKEY	Euronext Growth Paris	EUR	4.04	4.04	4.02	4.02	19/04/2022 13:09	CET	360	1453.22
KKO INTERNATIONAL	FR0013374667	ALKKO	Euronext Growth Paris	EUR	0.17	0.17	0.162	0.1635	19/04/2022 16:30	CET	104809	17243.8645
KLARSEN	FR0011038348	ALKLA	Euronext Growth Paris	EUR	2.35	2.575	2.335	2.575	19/04/2022 17:35	CET	41112	100359.08
KLEPIERRE	FR0000121964	LI	Euronext Paris	EUR	23.19	23.65	23.12	23.12	19/04/2022 17:35	CET	463143	10768255.58
KLIMVEST	GB00B19RTX44	ALSIM	Euronext Growth Paris	EUR	0.484	0.484	0.484	0.484	28/12/2021 11:30	CET	10785	5219.94
KOMPUESTOS	ES0105425005	ALKOM	Euronext Growth Paris	EUR	1.96	1.96	1.94	1.94	31/03/2022 16:00	CET	102	198.68
KORIAN	FR0010386334	KORI	Euronext Paris	EUR	20.32	20.42	20.04	20.10	19/04/2022 17:35	CET	173170	3497450.00
KUMULUS VAPE	FR0013419876	ALVAP	Euronext Growth Paris	EUR	10.40	11.00	10.40	11.00	19/04/2022 17:23	CET	712	7651.70
KUMULUSBSA2020	FR0014001KF0	VAPBS	Euronext Growth Paris	EUR	-	-	-	-	-	CET	-	-
L'OREAL	FR0000120321	OR	Euronext Paris	EUR	357.35	358.00	346.55	350.95	19/04/2022 16:30	CET	559378	195935893.85
LA PERLA FASHION	NL0012191662	ALPER	Euronext Growth Paris	EUR	3.54	3.54	3.54	3.54	19/04/2022 09:00	CET	1	3.54
LACROIX GROUP	FR0000066607	LACR	Euronext Paris	EUR	40.50	40.50	40.00	40.30	19/04/2022 17:35	CET	114	4596.10
LAGARDERE SA	FR0000130213	MMB	Euronext Paris	EUR	25.40	25.48	25.40	25.46	19/04/2022 17:35	CET	143729	3656511.20
LANSON-BCC	FR0004027068	ALLAN	Euronext Growth Paris	EUR	29.60	29.70	29.40	29.40	19/04/2022 17:29	CET	1515	44833.80
LARGO	FR0013308582	ALLGO	Euronext Growth Paris	EUR	7.90	8.10	7.90	8.08	19/04/2022 16:21	CET	114	905.80
LATECOERE	FR0000032278	LAT	Euronext Paris	EUR	0.444	0.446	0.439	0.439	19/04/2022 17:11	CET	45155	20010.536
LAURENT-PERRIER	FR0006864484	LPE	Euronext Paris	EUR	92.40	92.40	88.00	88.40	19/04/2022 17:35	CET	1053	94981.20
LDC	FR0013204336	LOUP	Euronext Paris	EUR	84.20	86.00	84.20	85.40	19/04/2022 17:35	CET	25919	2198130.00
LE TANNEUR	FR0000075673	ALTAN	Euronext Growth Paris	EUR	3.54	3.54	3.54	3.54	19/04/2022 14:28	CET	1	3.54
LEBON	FR0000121295	LBON	Euronext Paris	EUR	85.00	85.20	84.80	85.20	19/04/2022 17:26	CET	101	8588.00
LECTRA	FR0000065484	LSS	Euronext Paris	EUR	40.85	40.85	39.35	39.75	19/04/2022 17:35	CET	9761	389070.85
LECTRA NV22	FR00140078U5	LSSNV	Euronext Paris	EUR	-	-	-	-	-	CET	-	-
LEGRAND	FR0010307819	LR	Euronext Paris	EUR	81.70	82.26	80.62	82.16	19/04/2022 17:37	CET	545759	44618607.98
LES AGENCES DE PAP	FR0014003I41	MLPAP	Euronext Access Paris	EUR	2.05	2.05	2.05	2.05	19/04/2022 16:30	CET	2407	4934.35
LES HOTELS BAVEREZ	FR0007080254	ALLHB	Euronext Growth Paris	EUR	55.00	55.00	55.00	55.00	19/04/2022 11:30	CET	1	55.00
LESTQBLANC202212BS	FR0013483401	TBMBT	Euronext Growth Paris	EUR	-	-	-	-	-	CET	-	-
LEXIBOOK LINGUIST.	FR0000033599	ALLEX	Euronext Growth Paris	EUR	4.57	4.67	4.545	4.60	19/04/2022 17:23	CET	7512	34631.30
LINEDATA SERVICES	FR0004156297	LIN	Euronext Paris	EUR	40.20	40.20	40.00	40.00	19/04/2022 17:35	CET	2677	107100.70
LISI	FR0000050353	FII	Euronext Paris	EUR	20.40	20.65	20.15	20.50	19/04/2022 17:35	CET	13041	266602.80
LLEIDA	ES0105089009	ALLLN	Euronext Growth Paris	EUR	3.495	3.495	3.30	3.30	19/04/2022 15:46	CET	426	1443.495
LNA SANTE	FR0004170017	LNA	Euronext Paris	EUR	36.00	36.50	36.00	36.40	19/04/2022 17:35	CET	8398	303353.80
LOCASYSTEM INTL	FR0004155208	MLLOI	Euronext Access Paris	EUR	14.50	14.50	14.50	14.50	19/04/2022 16:30	CET	500	7250.00
LOGIC INSTRUMENT	FR0000044943	ALLOG	Euronext Growth Paris	EUR	0.315	0.33	0.315	0.33	19/04/2022 16:46	CET	1144	362.28
LOGIS CONFORT	ES0105333001	MLLOG	Euronext Access Paris	EUR	-	-	-	-	-	CET	-	-
LOMBARD ET MEDOT	FR0006205019	MLCAC	Euronext Access Paris	EUR	14.00	14.00	14.00	14.00	03/02/2022 16:30	CET	1	14.00
LUCIBEL	FR0011884378	ALUCI	Euronext Growth Paris	EUR	1.295	1.365	1.295	1.335	19/04/2022 17:28	CET	12090	15985.685
LUCIBEL BS	FR0013525953	LUCBS	Euronext Growth Paris	EUR	0.114	0.129	0.10	0.129	19/04/2022 17:35	CET	13321	1453.254
LUMIBIRD	FR0000038242	LBIRD	Euronext Paris	EUR	20.65	20.85	20.45	20.80	19/04/2022 17:35	CET	9766	202022.00
LV4S	BE6201089735	MLV4S	Euronext Access Paris	EUR	6.70	6.70	6.70	6.70	12/04/2022 16:30	CET	10	67.00
LVMH	FR0000121014	MC	Euronext Paris	EUR	639.90	639.90	625.00	634.10	19/04/2022 17:35	CET	307822	194860888.30
LYSOGENE	FR0013233475	LYS	Euronext Paris	EUR	0.77	0.786	0.76	0.785	19/04/2022 17:35	CET	32569	25246.187
M.R.M	FR0000060196	MRM	Euronext Paris	EUR	1.35	1.35	1.34	1.34	19/04/2022 16:30	CET	5178	6988.80
M2I	FR0013270626	ALMII	Euronext Growth Paris	EUR	4.37	4.38	4.32	4.38	19/04/2022 14:42	CET	277	1198.25
MAAT PHARMA	FR0012634822	MAAT	Euronext Paris	EUR	12.80	12.80	12.75	12.75	19/04/2022 17:15	CET	22	281.35
MADE	FR0010328302	MLMAD	Euronext Access Paris	EUR	8.00	8.00	8.00	8.00	19/04/2022 11:30	CET	5	40.00
MADVERTISE	FR0010812230	ALMNG	Euronext Growth Paris	EUR	0.407	0.446	0.407	0.44	19/04/2022 16:15	CET	8144	3439.234
MAGILLEM	FR0010827741	MLMGL	Euronext Access Paris	EUR	19.50	19.50	19.50	19.50	11/04/2022 16:30	CET	2	39.00
MAIS.ANTOINE BAUD	FR0000061657	MLMAB	Euronext Access Paris	EUR	250.00	250.00	250.00	250.00	20/12/2021 11:30	CET	10	2500.00
MAISON CLIO BLUE	FR0011092089	MLCLI	Euronext Access Paris	EUR	1.98	1.98	1.98	1.98	14/04/2022 16:30	CET	36	71.28
MAISONS DU MONDE	FR0013153541	MDM	Euronext Paris	EUR	16.88	17.19	16.82	17.19	19/04/2022 17:35	CET	33795	577665.97
MAKHEIA GROUP	FR0000072993	ALMAK	Euronext Growth Paris	EUR	0.1702	0.1716	0.1672	0.1682	19/04/2022 16:54	CET	58065	9854.4762
MAKING SCIENCE	ES0105463006	ALMKS	Euronext Growth Paris	EUR	19.95	19.95	19.95	19.95	19/04/2022 11:30	CET	1	19.95
MALTERIES FCO-BEL.	FR0000030074	MALT	Euronext Paris	EUR	550.00	550.00	545.00	545.00	19/04/2022 16:30	CET	26	14250.00
MANITOU BF	FR0000038606	MTU	Euronext Paris	EUR	22.60	22.70	22.10	22.65	19/04/2022 17:35	CET	34239	767967.70
MANUTAN INTL	FR0000032302	MAN	Euronext Paris	EUR	65.20	67.00	65.00	66.20	19/04/2022 17:35	CET	805	52998.40
MAQ ADMON. URBANAS	ES0105447009	MLMAQ	Euronext Access Paris	EUR	8.30	8.30	8.30	8.30	27/01/2020 11:30	CET	1	8.30
MARE NOSTRUM	FR0013400835	ALMAR	Euronext Growth Paris	EUR	3.11	3.17	3.01	3.15	19/04/2022 15:34	CET	431	1327.48
MAROC TELECOM	MA0000011488	IAM	Euronext Paris	EUR	12.60	12.60	12.20	12.40	19/04/2022 17:06	CET	552	6781.20
MASTRAD	FR0004155687	ALMAS	Euronext Growth Paris	EUR	0.24	0.24	0.222	0.2365	19/04/2022 17:26	CET	76227	17838.925
MASTRAD BS29	FR0013472446	MASBS	Euronext Growth Paris	EUR	-	-	-	-	-	CET	-	-
MAUNA KEA TECH	FR0010609263	MKEA	Euronext Paris	EUR	0.607	0.614	0.56	0.586	19/04/2022 17:35	CET	246554	144410.566
MAUREL ET PROM	FR0000051070	MAU	Euronext Paris	EUR	4.87	5.23	4.865	5.08	19/04/2022 17:35	CET	844757	4290590.01
MBWS	FR0000060873	MBWS	Euronext Paris	EUR	1.34	1.34	1.30	1.30	19/04/2022 17:35	CET	20861	27611.75
MBWS BSA 2022	FR0013404944	MBWBT	Euronext Paris	EUR	0.0005	0.0005	0.0005	0.0005	19/04/2022 09:00	CET	177	0.0885
MBWS BSAR 2023	FR0013066313	MBWSZ	Euronext Paris	EUR	0.005	0.005	0.005	0.005	28/03/2022 13:53	CET	472	2.36
MCPHY ENERGY	FR0011742329	MCPHY	Euronext Paris	EUR	18.235	18.255	17.705	18.225	19/04/2022 17:35	CET	111474	2011085.98
MDV	FR0014006PT9	MLMDV	Euronext Access Paris	EUR	13.298	13.298	13.298	13.298	11/03/2022 11:30	CET	1	13.30
MEDESIS PHARMA	FR0010844464	ALMDP	Euronext Growth Paris	EUR	3.90	3.95	3.78	3.85	19/04/2022 17:04	CET	5446	21131.19
MEDIA 6	FR0000064404	EDI	Euronext Paris	EUR	11.30	11.30	10.20	10.20	19/04/2022 17:35	CET	61	679.20
MEDIA LAB	IT0005324105	MLLAB	Euronext Access Paris	EUR	1.20	1.20	1.20	1.20	07/04/2022 16:30	CET	975	1170.00
MEDIA MAKER	IT0005380438	ALKER	Euronext Growth Paris	EUR	9.00	9.00	8.90	8.90	19/04/2022 10:07	CET	101	899.00
MEDIANTECHNOLOGIES	FR0011049824	ALMDT	Euronext Growth Paris	EUR	13.04	13.06	12.64	13.06	19/04/2022 17:35	CET	17102	219742.40
MEDINCELL	FR0004065605	MEDCL	Euronext Paris	EUR	8.98	8.99	8.54	8.79	19/04/2022 17:35	CET	52112	457601.48
MEDIOCREDITO EUROP	IT0004844848	MLMCE	Euronext Access Paris	EUR	4.30	4.30	4.30	4.30	28/11/2012 10:24	CET	100	430.00
MEMSCAP REGPT	FR0010298620	MEMS	Euronext Paris	EUR	1.22	1.22	1.16	1.16	19/04/2022 17:35	CET	11175	13134.385
MERCIALYS	FR0010241638	MERY	Euronext Paris	EUR	9.26	9.36	9.195	9.225	19/04/2022 17:35	CET	205648	1904729.68
MERCK AND CO INC	US58933Y1055	MRK	Euronext Paris	EUR	78.00	79.60	78.00	79.30	19/04/2022 17:35	CET	1111	87760.40
MERIDIA RE IV	ES0105559001	MLMIV	Euronext Access Paris	EUR	18.55	18.55	18.55	18.55	02/07/2021 00:00	CET	-	-
MERSEN	FR0000039620	MRN	Euronext Paris	EUR	31.15	31.45	30.65	30.65	19/04/2022 17:35	CET	14956	462776.20
METABOLIC EXPLORER	FR0004177046	METEX	Euronext Paris	EUR	5.30	5.56	5.26	5.55	19/04/2022 17:35	CET	123548	670933.25
METALLIANCE	FR0010492181	MLETA	Euronext Access Paris	EUR	13.50	13.50	13.50	13.50	19/04/2022 11:30	CET	2	27.00
METHANOR	FR0011217710	ALMET	Euronext Growth Paris	EUR	4.35	4.35	4.32	4.32	19/04/2022 17:03	CET	51	220.35
METHORIOS CAPITAL	IT0004615396	ALMTH	Euronext Growth Paris	EUR	0.03	0.03	0.03	0.03	03/10/2016 09:00	CET	1	0.03
METRICS IN BALANCE	BE0974328602	MLMIB	Euronext Access Paris	EUR	0.69	0.69	0.69	0.69	30/03/2022 16:30	CET	1191	821.79
METROPOLE TV	FR0000053225	MMT	Euronext Paris	EUR	17.80	18.14	17.80	18.00	19/04/2022 17:35	CET	84089	1514390.72
MG INTERNATIONAL	FR0010204453	ALMGI	Euronext Growth Paris	EUR	11.60	11.60	11.45	11.45	19/04/2022 16:57	CET	1623	18627.15
MGI DIGITAL GRAPHI	FR0010353888	ALMDG	Euronext Growth Paris	EUR	34.80	35.25	34.60	35.00	19/04/2022 17:28	CET	2281	79681.70
MICHELIN	FR0000121261	ML	Euronext Paris	EUR	119.85	121.40	118.20	121.40	19/04/2022 17:35	CET	408065	49203540.45
MICROPOLE	FR0000077570	MUN	Euronext Paris	EUR	1.29	1.30	1.28	1.30	19/04/2022 17:35	CET	11852	15255.49
MICROSKIN	GB00BF553726	MLSKN	Euronext Access Paris	EUR	0.03	0.03	0.03	0.03	08/06/2017 15:00	CET	10000	300.00
MIGUET ET ASSOCIES	FR0010500363	MLNMA	Euronext Access Paris	EUR	1.15	1.15	1.15	1.15	07/04/2022 11:30	CET	10	11.50
MILIBOO	FR0013053535	ALMLB	Euronext Growth Paris	EUR	3.40	3.50	3.40	3.485	19/04/2022 16:30	CET	4193	14328.95
MINT	FR0004172450	ALBUD	Euronext Growth Paris	EUR	3.85	3.875	3.745	3.83	19/04/2022 17:26	CET	6863	26171.725
MLD	FR0013268067	MLAMY	Euronext Access Paris	EUR	3.60	3.60	3.60	3.60	19/01/2018 14:38	CET	6600	23760.00
MND	FR00140050Q2	ALMND	Euronext Growth Paris	EUR	3.70	3.76	3.485	3.485	19/04/2022 17:35	CET	17056	60712.92
MONCEY (FIN.) NOM.	FR0000076986	MONC	Euronext Paris	EUR	6250.00	6250.00	6250.00	6250.00	19/04/2022 14:27	CET	1	6250.00
MONTEA	BE0003853703	MONT	Euronext Brussels, Paris	EUR	122.00	122.40	118.40	119.40	19/04/2022 17:35	CET	8513	1019669.20
MOULINVEST	FR0011033083	ALMOU	Euronext Growth Paris	EUR	62.80	62.80	59.50	62.20	19/04/2022 17:35	CET	4642	282859.60
MR BRICOLAGE	FR0004034320	ALMRB	Euronext Growth Paris	EUR	11.00	11.00	10.65	10.80	19/04/2022 16:50	CET	3722	40595.20
MTD FINANCE	FR0010518936	MLMTD	Euronext Access Paris	EUR	5.88	5.88	5.88	5.88	22/12/2015 15:00	CET	17	99.96
MULANN	FR0012990968	MLMUL	Euronext Access Paris	EUR	0.0445	0.0445	0.0445	0.0445	11/09/2020 16:30	CET	3296	146.672
MUNIC	FR0013462231	ALMUN	Euronext Growth Paris	EUR	3.18	3.18	3.16	3.17	19/04/2022 16:02	CET	365	1159.62
NACON	FR0013482791	NACON	Euronext Paris	EUR	5.68	5.98	5.60	5.85	19/04/2022 17:35	CET	469165	2676660.69
NAMR	FR0014003J32	ALNMR	Euronext Growth Paris	EUR	6.20	6.30	6.00	6.00	19/04/2022 14:25	CET	545	3383.98
NANOBIOTIX	FR0011341205	NANO	Euronext Paris	EUR	6.03	6.07	5.93	5.98	19/04/2022 17:35	CET	38989	233525.34
NAVYA	FR0013018041	NAVYA	Euronext Paris	EUR	1.71	1.746	1.67	1.746	19/04/2022 17:35	CET	188630	322278.862
NEOCOM MULTIMEDIA	FR0004157543	MLNEO	Euronext Access Paris	EUR	4.24	4.24	4.24	4.24	14/04/2022 16:30	CET	250	1060.00
NEOEN	FR0011675362	NEOEN	Euronext Paris	EUR	38.64	38.64	37.66	38.09	19/04/2022 17:35	CET	187580	7143174.79
NEOLIFE	FR0011636083	ALNLF	Euronext Growth Paris	EUR	0.1612	0.1688	0.1612	0.1688	19/04/2022 16:58	CET	56889	9450.376
NEOLIFE BS	FR0013282936	NLFBS	Euronext Growth Paris	EUR	0.003	0.003	0.0025	0.0025	19/04/2022 14:14	CET	123538	310.845
NEOVACS	FR00140077X1	ALNEV	Euronext Growth Paris	EUR	0.6599	0.6599	0.55	0.56	19/04/2022 17:35	CET	356834	208651.253
NETGEM	FR0004154060	ALNTG	Euronext Growth Paris	EUR	1.38	1.39	1.38	1.385	19/04/2022 17:26	CET	4618	6383.12
NEURONES	FR0004050250	NRO	Euronext Paris	EUR	35.50	35.60	35.10	35.60	19/04/2022 17:35	CET	1778	62753.05
NEXANS	FR0000044448	NEX	Euronext Paris	EUR	80.80	81.60	80.25	81.20	19/04/2022 17:35	CET	35221	2852580.55
NEXITY	FR0010112524	NXI	Euronext Paris	EUR	30.64	31.04	29.96	29.96	19/04/2022 17:35	CET	102698	3108763.50
NEXTEDIA	FR0004171346	ALNXT	Euronext Growth Paris	EUR	0.922	0.944	0.909	0.93	19/04/2022 17:35	CET	21252	19573.398
NEXTSTAGE	FR0012789386	NEXTS	Euronext Paris	EUR	88.50	89.00	88.50	89.00	19/04/2022 09:42	CET	36	3199.00
NFL BIOSCIENCES	FR0014003XT0	ALNFL	Euronext Growth Paris	EUR	1.24	1.30	1.24	1.295	19/04/2022 10:38	CET	4220	5318.92
NFTY	FR0010457531	ALNFT	Euronext Growth Paris	EUR	0.41	0.418	0.397	0.4165	19/04/2022 17:35	CET	24099	9711.6845
NHOA	FR0012650166	NHOA	Euronext Paris	EUR	13.84	14.20	13.52	13.56	19/04/2022 17:23	CET	5697	79154.52
NICOX	FR0013018124	COX	Euronext Paris	EUR	1.748	1.75	1.696	1.722	19/04/2022 17:35	CET	67337	115851.004
NOKIA	FI0009000681	NOKIA	Euronext Paris	EUR	4.851	4.8765	4.8065	4.8515	19/04/2022 17:35	CET	258027	1247035.4395
NOVACYT	FR0010397232	ALNOV	Euronext Growth Paris	EUR	2.665	2.665	2.502	2.52	19/04/2022 17:35	CET	466339	1193538.889
NOVATECH IND.	FR0000185464	MLNOV	Euronext Access Paris	EUR	4.54	4.54	4.54	4.54	25/03/2022 11:30	CET	42	190.68
NOXXON	NL0012044762	ALNOX	Euronext Growth Paris	EUR	0.1356	0.139	0.13	0.1348	19/04/2022 17:19	CET	329943	44567.737
NR21	FR0014001PV6	NR21	Euronext Paris	EUR	150.00	155.00	135.00	155.00	19/04/2022 10:19	CET	26	3695.00
NRJ GROUP	FR0000121691	NRG	Euronext Paris	EUR	6.60	6.60	6.44	6.44	19/04/2022 17:35	CET	9779	63449.94
NSC GROUPE	FR0000064529	ALNSC	Euronext Growth Paris	EUR	45.00	45.00	45.00	45.00	08/04/2022 11:30	CET	30	1350.00
NSE	FR0004065639	ALNSE	Euronext Growth Paris	EUR	20.20	21.40	20.20	21.40	19/04/2022 12:54	CET	391	8267.30
O SORBET D AMOUR	FR0013072741	MLOSA	Euronext Access Paris	EUR	2.14	2.14	2.14	2.14	31/03/2022 11:30	CET	1	2.14
OBER	FR0010330613	ALOBR	Euronext Growth Paris	EUR	7.60	7.60	7.60	7.60	19/04/2022 11:30	CET	402	3055.20
OBIZ	FR0014003711	ALBIZ	Euronext Growth Paris	EUR	6.72	6.72	6.66	6.68	19/04/2022 17:09	CET	456	3048.58
OCTOPUS BIOSAFETY	FR0013310281	MLOCT	Euronext Access Paris	EUR	0.78	0.78	0.75	0.75	14/04/2022 16:30	CET	586	454.08
OENEO	FR0000052680	SBT	Euronext Paris	EUR	14.00	14.00	13.85	13.90	19/04/2022 17:35	CET	2159	30116.20
OL GROUPE	FR0010428771	OLG	Euronext Paris	EUR	1.98	2.01	1.97	1.995	19/04/2022 16:44	CET	9347	18577.645
OMER-DECUGIS & CIE	FR0014003T71	ALODC	Euronext Growth Paris	EUR	8.52	8.52	8.48	8.48	19/04/2022 10:17	CET	607	5164.44
ONCODESIGN	FR0011766229	ALONC	Euronext Growth Paris	EUR	8.95	9.00	8.91	8.92	19/04/2022 17:22	CET	2049	18337.86
ONE EXPERIENCE	FR0013266772	MLOEX	Euronext Access Paris	EUR	2.70	2.70	2.70	2.70	14/04/2022 17:29	CET	68810	185787.00
ONLINEFORMAPRO	FR0004174712	MLONL	Euronext Access Paris	EUR	3.92	3.92	3.92	3.92	11/04/2022 11:30	CET	114	446.88
ONXEO	FR0010095596	ALONX	Euronext Growth Paris	EUR	0.38	0.388	0.378	0.378	19/04/2022 16:31	CET	19938	7596.2115
ORANGE	FR0000133308	ORA	Euronext Paris	EUR	11.222	11.288	11.17	11.17	19/04/2022 17:35	CET	5516493	61742078.87
ORAPI	FR0000075392	ORAP	Euronext Paris	EUR	5.64	5.65	5.64	5.65	19/04/2022 16:37	CET	1012	5713.55
ORAPI BSA	FR0013522216	ORAPB	Euronext Paris	EUR	0.72	0.88	0.72	0.88	19/04/2022 15:41	CET	2087	1518.64
ORBIS PROPERTIES	ES0105490009	MLORB	Euronext Access Paris	EUR	-	-	-	-	-	CET	-	-
ORDISSIMO	FR0013318052	ALORD	Euronext Growth Paris	EUR	1.82	1.865	1.82	1.865	19/04/2022 13:40	CET	561	1042.395
OREGE	FR0010609206	OREGE	Euronext Paris	EUR	0.80	0.80	0.80	0.80	19/04/2022 09:00	CET	351	280.80
ORINOQUIA	ES0105534004	MLORQ	Euronext Access Paris	EUR	1.15	1.15	1.15	1.15	03/02/2022 11:30	CET	5350	6152.50
ORPEA	FR0000184798	ORP	Euronext Paris	EUR	36.86	36.87	35.12	35.21	19/04/2022 17:35	CET	669585	23797856.10
OSE IMMUNO	FR0012127173	OSE	Euronext Paris	EUR	7.80	7.90	7.70	7.71	19/04/2022 17:35	CET	31437	245035.50
OSMOZIS	FR0013231180	ALOSM	Euronext Growth Paris	EUR	8.20	8.38	8.10	8.12	19/04/2022 17:36	CET	5436	44359.48
OVH	FR0014005HJ9	OVH	Euronext Paris	EUR	20.89	21.12	20.34	21.12	19/04/2022 17:35	CET	197959	4110669.92
PACTE NOVATION	FR0000077992	MLPAC	Euronext Access Paris	EUR	8.95	8.95	8.95	8.95	03/03/2022 11:30	CET	5	44.75
PARAGON ID	FR0013318813	PID	Euronext Paris	EUR	28.90	28.90	28.90	28.90	19/04/2022 09:00	CET	2	57.80
PAREF	FR0010263202	PAR	Euronext Paris	EUR	60.00	60.00	59.50	59.50	19/04/2022 16:15	CET	1619	97115.00
PARROT	FR0004038263	PARRO	Euronext Paris	EUR	4.12	4.19	4.015	4.035	19/04/2022 17:29	CET	5251	21520.14
PARROT BSA 1	FR0013054269	PABSA	Euronext Paris	EUR	0.0005	0.0005	0.0005	0.0005	14/04/2022 10:31	CET	572	0.29
PARROT BSA 2	FR0013054335	PABSB	Euronext Paris	EUR	0.0005	0.0005	0.0005	0.0005	14/04/2022 09:00	CET	432	0.22
PART.INDLES MINI.	FR0006823092	MLHOP	Euronext Access Paris	EUR	9.45	9.45	9.45	9.45	08/04/2022 16:30	CET	1	9.45
PARX MATERIALS NV	NL0012650535	MLPRX	Euronext Access Paris	EUR	0.93	0.93	0.93	0.93	11/04/2022 16:30	CET	116	107.88
PASSAT	FR0000038465	PSAT	Euronext Paris	EUR	5.20	5.24	5.12	5.12	19/04/2022 14:18	CET	869	4470.56
PATRIMOINE ET COMM	FR0011027135	PAT	Euronext Paris	EUR	19.10	19.10	18.95	19.00	19/04/2022 14:05	CET	523	9957.35
PAULIC MEUNERIE	FR0013479730	ALPAU	Euronext Growth Paris	EUR	3.55	3.55	3.34	3.55	19/04/2022 17:35	CET	3126	10738.715
PCAS	FR0000053514	PCA	Euronext Paris	EUR	8.68	9.30	8.68	9.30	14/04/2022 09:30	CET	744	6774.06
PERNOD RICARD	FR0000120693	RI	Euronext Paris	EUR	193.70	194.10	189.70	191.15	19/04/2022 17:35	CET	350105	67003020.05
PERRIER (GERARD)	FR0000061459	PERR	Euronext Paris	EUR	102.00	102.00	99.60	99.60	19/04/2022 17:35	CET	3332	334890.20
PERSEIDA RENTA	ES0105612008	MLPER	Euronext Access Paris	EUR	0.65	0.65	0.65	0.65	10/12/2021 00:00	CET	-	-
PEUGEOT INVEST	FR0000064784	PEUG	Euronext Paris	EUR	109.60	110.00	108.20	109.20	19/04/2022 17:35	CET	5984	655234.80
PHARMAGEST INTER.	FR0012882389	PHA	Euronext Paris	EUR	86.40	86.40	84.40	84.80	19/04/2022 17:35	CET	12611	1070945.40
PHARMASIMPLE	BE0974302342	ALPHS	Euronext Growth Paris	EUR	0.0862	0.0947	0.084	0.0862	19/04/2022 17:35	CET	6169658	540991.1224
PHARNEXT	FR0011191287	ALPHA	Euronext Growth Paris	EUR	0.058	0.058	0.0511	0.0552	19/04/2022 17:35	CET	2025453	109558.0024
PHERECYDES PHARMA	FR0011651694	ALPHE	Euronext Growth Paris	EUR	5.35	5.35	5.21	5.21	19/04/2022 17:23	CET	623	3321.93
PHONE WEB	FR0000185480	MLPHW	Euronext Access Paris	EUR	0.95	0.95	0.95	0.95	31/03/2022 16:34	CET	2783	2643.85
PHOTONIKE CAPITAL	BE0948608451	MLPHO	Euronext Access Paris	EUR	1.12	1.13	1.12	1.13	19/04/2022 16:33	CET	7217	8118.54
PIERRE VACANCES	FR0000073041	VAC	Euronext Paris	EUR	6.31	6.31	6.19	6.24	19/04/2022 17:35	CET	3813	23859.18
PISCINES DESJOYAUX	FR0000061608	ALPDX	Euronext Growth Paris	EUR	23.30	24.05	23.10	24.05	19/04/2022 17:29	CET	7484	176883.85
PIXIUM VISION	FR0011950641	ALPIX	Euronext Growth Paris	EUR	0.549	0.549	0.522	0.522	19/04/2022 17:35	CET	133751	71435.8055
PLACOPLATRE	FR0000030769	MLPLC	Euronext Access Paris	EUR	605.00	605.00	605.00	605.00	08/02/2022 11:30	CET	1	605.00
PLANT ADVANCED	FR0010785790	ALPAT	Euronext Growth Paris	EUR	17.10	17.10	17.00	17.00	19/04/2022 10:31	CET	61	1039.40
PLANT ADVANCED BS	FR0011844067	PATBS	Euronext Growth Paris	EUR	0.03	0.03	0.03	0.03	16/09/2021 10:06	CET	16	0.48
PLAST.VAL LOIRE	FR0013252186	PVL	Euronext Paris	EUR	5.01	5.07	4.93	5.01	19/04/2022 17:35	CET	12739	63790.255
PLASTIC OMNIUM	FR0000124570	POM	Euronext Paris	EUR	15.05	15.32	14.89	15.17	19/04/2022 17:35	CET	141320	2138415.07
POUJOULAT	FR0000066441	ALPJT	Euronext Growth Paris	EUR	82.50	84.00	82.50	84.00	19/04/2022 17:23	CET	558	46510.00
POULAILLON	FR0013015583	ALPOU	Euronext Growth Paris	EUR	4.59	4.59	4.34	4.59	19/04/2022 10:17	CET	1142	5025.53
POXEL	FR0012432516	POXEL	Euronext Paris	EUR	2.115	2.165	2.105	2.15	19/04/2022 17:35	CET	24442	52121.645
PRECIA	FR0014004EC4	PREC	Euronext Paris	EUR	34.60	34.60	33.80	33.80	19/04/2022 16:49	CET	107	3630.80
PREDILIFE	FR0010169920	ALPRE	Euronext Growth Paris	EUR	6.24	6.24	6.24	6.24	19/04/2022 09:00	CET	2	12.48
PRISMAFLEX INTL	FR0004044600	ALPRI	Euronext Growth Paris	EUR	10.16	10.16	10.16	10.16	19/04/2022 09:00	CET	3	30.48
PROACTIS SA	FR0004052561	PROAC	Euronext Paris	EUR	0.139	0.14	0.139	0.14	19/04/2022 11:52	CET	2500	348.672
PRODWARE	FR0010313486	ALPRO	Euronext Growth Paris	EUR	8.74	8.74	8.48	8.50	13/04/2022 15:22	CET	20	172.32
PRODWAYS	FR0012613610	PWG	Euronext Paris	EUR	2.69	2.83	2.68	2.78	19/04/2022 17:35	CET	46724	128559.035
PROLOGUE	FR0010380626	ALPRG	Euronext Growth Paris	EUR	0.26	0.269	0.26	0.26	19/04/2022 17:24	CET	41210	10746.525
PROLOGUE BSA	FR0013398617	PROBT	Euronext Growth Paris	EUR	0.012	0.012	0.012	0.012	19/04/2022 11:10	CET	51650	619.80
PROLOGUE BSA 2017	FR0013268042	PROBS	Euronext Growth Paris	EUR	0.0005	0.0005	0.0005	0.0005	19/04/2022 11:05	CET	3272	1.636
PROP.IMMEUBLES	FR0000061376	MLPRI	Euronext Access Paris	EUR	16.00	16.00	16.00	16.00	15/03/2022 11:30	CET	1	16.00
PROVENTURE GOLD	CA74375L1058	MLPRO	Euronext Access Paris	EUR	3.00	3.00	3.00	3.00	28/05/2019 11:30	CET	13250	39750.00
PUBLICIS BSA	FR0000312928	PUBBS	Euronext Paris	EUR	30.00	31.60	30.00	31.60	14/04/2022 17:21	CET	1700	52280.00
PUBLICIS GROUPE SA	FR0000130577	PUB	Euronext Paris	EUR	55.58	55.88	54.92	55.88	19/04/2022 17:35	CET	737798	41010906.78
QUADIENT	FR0000120560	QDT	Euronext Paris	EUR	16.54	17.12	16.33	16.95	19/04/2022 17:35	CET	46717	785297.80
QUADPACK	ES0105118006	ALQP	Euronext Growth Paris	EUR	23.20	23.20	23.20	23.20	19/04/2022 09:00	CET	1	23.20
QUANTUM GENOMICS	FR0011648971	ALQGC	Euronext Growth Paris	EUR	3.04	3.05	2.902	2.968	19/04/2022 17:35	CET	66882	200482.334
QWAMPLIFY	FR0010889386	ALQWA	Euronext Growth Paris	EUR	7.42	7.42	7.26	7.26	19/04/2022 17:20	CET	588	4269.68
QWAMPLIFY BSAANE	FR0013472677	QWABS	Euronext Growth Paris	EUR	-	-	-	-	-	CET	-	-
RALLYE	FR0000060618	RAL	Euronext Paris	EUR	3.19	3.195	3.125	3.14	19/04/2022 17:38	CET	20752	65482.80
RAMSAY GEN SANTE	FR0000044471	GDS	Euronext Paris	EUR	21.40	22.70	21.40	22.70	19/04/2022 17:35	CET	1524	33460.20
RAPID NUTRITION	GB00BLG2TX24	ALRPD	Euronext Growth Paris	EUR	0.022	0.024	0.02	0.022	19/04/2022 17:29	CET	4425301	96963.2755
RAPIDO PRET	FR0012395457	ML350	Euronext Access Paris	EUR	0.248	0.248	0.248	0.248	19/04/2022 11:30	CET	103	25.544
REALITES	FR0011858190	ALREA	Euronext Growth Paris	EUR	34.00	34.60	33.60	34.40	19/04/2022 17:03	CET	4418	150499.40
RECYLEX S.A.	FR0000120388	RX	Euronext Paris	EUR	1.842	1.868	1.816	1.848	13/05/2020 17:20	CET	7005	12873.942
REMY COINTREAU	FR0000130395	RCO	Euronext Paris	EUR	187.90	187.90	182.20	186.90	19/04/2022 17:35	CET	70394	13099901.50
RENAULT	FR0000131906	RNO	Euronext Paris	EUR	22.38	22.82	22.015	22.745	19/04/2022 17:35	CET	1361155	30664161.06
RES GESTAE SOCIMI	ES0105550000	MLJDL	Euronext Access Paris	EUR	7.00	7.00	7.00	7.00	29/06/2021 00:00	CET	-	-
REVIVAL EXPANSION	FR0000077232	MLREX	Euronext Access Paris	EUR	9.94	9.94	9.94	9.94	27/12/2016 15:00	CET	3	29.82
REWORLD MEDIA	FR0010820274	ALREW	Euronext Growth Paris	EUR	6.75	6.82	6.63	6.71	19/04/2022 17:35	CET	44441	298645.15
REXEL	FR0010451203	RXL	Euronext Paris	EUR	18.70	19.00	18.53	18.885	19/04/2022 17:35	CET	688232	12951153.395
RIBER	FR0000075954	ALRIB	Euronext Growth Paris	EUR	1.82	1.82	1.75	1.788	19/04/2022 16:34	CET	24919	44617.194
ROBERTET	FR0000039091	RBT	Euronext Paris	EUR	857.00	859.00	846.00	855.00	19/04/2022 17:35	CET	423	361563.00
ROBERTET CDV 87	FR0000045619	CBR	Euronext Paris	EUR	194.00	194.00	194.00	194.00	16/04/2021 11:30	CET	1	194.00
ROBERTET CI	FR0000045601	CBE	Euronext Paris	EUR	845.00	845.00	830.00	830.00	19/04/2022 17:11	CET	27	22425.00
ROCHE BOBOIS	FR0013344173	RBO	Euronext Paris	EUR	33.50	34.40	33.30	34.40	19/04/2022 17:00	CET	810	27381.60
ROCTOOL	FR0010523167	ALROC	Euronext Growth Paris	EUR	3.44	3.51	3.33	3.51	19/04/2022 17:35	CET	16863	58014.36
ROCTOOL BSA 2020-2	FR0013477593	ROCBT	Euronext Growth Paris	EUR	0.0115	0.0115	0.0115	0.0115	27/12/2021 11:34	CET	650	7.48
ROTHSCHILD & CO	FR0000031684	ROTH	Euronext Paris	EUR	37.80	37.80	36.85	37.00	19/04/2022 17:35	CET	14517	540586.55
ROUGIER S.A.	FR0000037640	ALRGR	Euronext Growth Paris	EUR	17.40	17.60	17.40	17.60	26/02/2018 13:46	CET	162	2843.60
ROUSSELET CENTRIF.	FR0000035750	MLROU	Euronext Access Paris	EUR	38.20	38.20	38.20	38.20	12/04/2022 11:30	CET	2	76.40
RUBIS	FR0013269123	RUI	Euronext Paris	EUR	25.25	25.84	25.01	25.05	19/04/2022 17:35	CET	386193	9763156.70
S.E.B.	FR0000121709	SK	Euronext Paris	EUR	124.80	125.50	123.60	125.20	19/04/2022 17:35	CET	58812	7343737.10
SAFE	FR0013467123	ALSAF	Euronext Growth Paris	EUR	0.126	0.1378	0.121	0.127	19/04/2022 16:47	CET	1106148	143201.2138
SAFRAN	FR0000073272	SAF	Euronext Paris	EUR	102.66	103.42	101.32	102.80	19/04/2022 17:35	CET	497344	51005817.32
SAINT GOBAIN	FR0000125007	SGO	Euronext Paris, Amsterdam, Brussels	EUR	51.83	52.21	51.27	51.58	19/04/2022 17:35	CET	1549550	80018809.64
SAINT GOBAIN NV22	FR0014009TI8	SGONV	Euronext Paris	EUR	-	-	-	-	-	CET	-	-
SAINT JEAN GROUPE	FR0000060121	SABE	Euronext Paris	EUR	18.80	18.80	18.80	18.80	19/04/2022 16:30	CET	840	15792.00
SAMSE	FR0000060071	SAMS	Euronext Paris	EUR	214.00	214.00	213.00	214.00	19/04/2022 16:58	CET	188	40197.00
SANOFI	FR0000120578	SAN	Euronext Paris	EUR	102.10	103.40	101.56	102.54	19/04/2022 16:30	CET	2515407	257822410.32
SANOFI NV22	FR0014006T94	SANNV	Euronext Paris	EUR	98.00	99.00	98.00	99.00	19/04/2022 16:30	CET	1112	109091.00
SAPMER	FR0010776617	ALMER	Euronext Growth Paris	EUR	7.65	7.95	7.65	7.95	12/04/2022 16:30	CET	406	3107.10
SARTORIUS STED BIO	FR0013154002	DIM	Euronext Paris	EUR	339.00	339.00	328.30	337.40	19/04/2022 17:35	CET	61777	20712147.10
SAVENCIA	FR0000120107	SAVE	Euronext Paris	EUR	59.40	61.00	59.00	61.00	19/04/2022 17:35	CET	3956	237056.90
SAVONNERIE NYONS	FR0013155975	MLSDN	Euronext Access Paris	EUR	37.60	37.60	37.60	37.60	19/04/2022 16:53	CET	6	225.60
SBT	FR0004175222	MLSBT	Euronext Access Paris	EUR	5.20	5.70	5.20	5.70	13/04/2022 16:30	CET	381	1981.70
SCANDINAVIAN HOUSE	CH0220529603	MLSHD	Euronext Access Paris	EUR	17.51	17.51	17.51	17.51	13/05/2016 15:00	CET	500	8755.00
SCBSM	FR0006239109	CBSM	Euronext Paris	EUR	9.20	9.60	9.20	9.20	19/04/2022 15:41	CET	1030	9610.60
SCEMI	FR0010972091	MLCMI	Euronext Access Paris	EUR	4.68	4.68	4.68	4.68	19/04/2022 16:30	CET	104	486.72
SCHLUMBERGER	AN8068571086	SLB	Euronext Paris	EUR	39.95	41.20	39.70	40.05	19/04/2022 17:35	CET	42451	1717367.65
SCHNEIDER ELECTRIC	FR0000121972	SU	Euronext Paris	EUR	140.56	141.28	137.80	140.74	19/04/2022 17:35	CET	678142	94875710.74
SCHOBRUNN PARIS	FR0010961920	MLSCH	Euronext Access Paris	EUR	24.80	24.80	24.80	24.80	08/02/2022 11:30	CET	13	322.40
SCIENTIA SCHOOL	ES0105592002	MLSCI	Euronext Access Paris	EUR	5.05	5.05	5.05	5.05	06/04/2022 16:47	CET	14927	75381.35
SCOR SE	FR0010411983	SCR	Euronext Paris	EUR	27.41	27.59	25.72	26.46	19/04/2022 17:35	CET	703268	18627481.53
SECHE ENVIRONNEM.	FR0000039109	SCHP	Euronext Paris	EUR	74.50	75.10	73.60	73.80	19/04/2022 17:35	CET	2479	184033.60
SEGRO PLC	GB00B5ZN1N88	SGRO	Euronext Paris	EUR	11.30	11.30	11.30	11.30	07/04/2021 13:45	CET	500	5650.00
SEIF SPA	IT0005353484	ALSEI	Euronext Growth Paris	EUR	0.486	0.486	0.486	0.486	19/04/2022 09:00	CET	1	0.486
SELCODIS	FR0000065492	SLCO	Euronext Paris	EUR	0.29	0.29	0.29	0.29	25/03/2009 00:00	CET	2074	601.00
SELECTIRENTE	FR0004175842	SELER	Euronext Paris	EUR	96.50	96.50	96.50	96.50	19/04/2022 11:30	CET	1	96.50
SEMPLICEMENTE SpA	IT0005072811	MLSMP	Euronext Access Paris	EUR	0.81	0.81	0.81	0.81	05/08/2016 15:00	CET	100	81.00
SENSORION	FR0012596468	ALSEN	Euronext Growth Paris	EUR	0.63	0.63	0.581	0.586	19/04/2022 16:55	CET	80706	48185.407
SEQUA PETROLEUM NV	NL0010623518	MLSEQ	Euronext Access Paris	EUR	0.0095	0.0095	0.0095	0.0095	19/04/2022 11:30	CET	116112	1103.064
SERGEFERRARI GROUP	FR0011950682	SEFER	Euronext Paris	EUR	17.84	17.94	17.20	17.22	19/04/2022 17:35	CET	12533	219709.58
SERMA GROUP	FR0000073728	ALSER	Euronext Growth Paris	EUR	392.00	392.00	392.00	392.00	25/02/2022 11:30	CET	1	392.00
SES	LU0088087324	SESG	Euronext Paris	EUR	8.528	8.528	8.284	8.468	19/04/2022 17:35	CET	1450601	12208534.498
SES IMAGOTAG	FR0010282822	SESL	Euronext Paris	EUR	88.30	88.60	84.20	86.20	19/04/2022 17:35	CET	14599	1251045.60
SHOWROOMPRIVE	FR0013006558	SRP	Euronext Paris	EUR	1.58	1.615	1.50	1.59	19/04/2022 17:35	CET	534071	835940.59
SIDETRADE	FR0010202606	ALBFR	Euronext Growth Paris	EUR	142.00	142.00	140.00	140.00	19/04/2022 16:22	CET	246	34852.00
SIGNAUX GIROD	FR0000060790	ALGIR	Euronext Growth Paris	EUR	15.15	15.15	15.10	15.10	19/04/2022 12:12	CET	12	181.30
SII	FR0000074122	SII	Euronext Paris	EUR	42.60	42.60	41.90	42.10	19/04/2022 17:35	CET	2236	94377.70
SILC	FR0010679365	MLSIL	Euronext Access Paris	EUR	0.416	0.416	0.416	0.416	22/03/2021 16:30	CET	150	62.40
SIMAT	CI0000000832	MLMAT	Euronext Access Paris	EUR	2.20	2.20	2.20	2.20	13/11/2019 11:30	CET	10	22.00
SMAIO	FR0014005I80	ALSMA	Euronext Growth Paris	EUR	5.55	5.55	5.46	5.53	19/04/2022 16:52	CET	1717	9484.37
SMALTO	FR0011131788	MLSML	Euronext Access Paris	EUR	0.0095	0.0095	0.0095	0.0095	19/04/2022 16:30	CET	78	0.741
SMALTO BSA	FR0010649228	SMLBS	Euronext Access Paris	EUR	0.04	0.04	0.04	0.04	27/12/2016 15:30	CET	115298	4611.92
SMCP	FR0013214145	SMCP	Euronext Paris	EUR	6.495	6.625	6.495	6.53	19/04/2022 17:35	CET	118907	779240.615
SMTPC	FR0004016699	SMTPC	Euronext Paris	EUR	27.80	27.90	27.30	27.40	19/04/2022 17:27	CET	13897	383544.10
SOC FRANC CASINOS	FR0010209809	SFCA	Euronext Paris	EUR	1.70	1.70	1.70	1.70	19/04/2022 11:30	CET	10	17.00
SOCIETE GENERALE	FR0000130809	GLE	Euronext Paris	EUR	23.095	23.565	22.90	23.17	19/04/2022 17:35	CET	3906516	90721787.63
SODEXO	FR0000121220	SW	Euronext Paris	EUR	70.48	71.46	69.70	70.76	19/04/2022 17:35	CET	277694	19633474.58
SODITECH	FR0000078321	SEC	Euronext Paris	EUR	0.90	0.90	0.90	0.90	19/04/2022 16:32	CET	5500	4950.00
SOGECLAIR	FR0000065864	SOG	Euronext Paris	EUR	22.40	22.90	22.40	22.60	19/04/2022 10:28	CET	419	9537.10
SOITEC	FR0013227113	SOI	Euronext Paris	EUR	153.00	154.55	150.85	153.45	19/04/2022 17:35	CET	69628	10643629.20
SOLOCAL GROUP	FR00140006O9	LOCAL	Euronext Paris	EUR	1.114	1.151	1.113	1.132	19/04/2022 17:35	CET	289683	328068.71
SOLUTIONS 30 SE	FR0013379484	S30	Euronext Paris	EUR	6.75	6.762	6.336	6.52	19/04/2022 17:35	CET	855295	5544603.508
SOLVAY	BE0003470755	SOLB	Euronext Brussels, Paris	EUR	88.18	88.94	87.56	88.06	19/04/2022 17:35	CET	191441	16857278.38
SOMFY SA	FR0013199916	SO	Euronext Paris	EUR	131.00	131.60	127.80	128.00	19/04/2022 17:35	CET	12839	1658033.80
SOPRA STERIA GROUP	FR0000050809	SOP	Euronext Paris	EUR	169.80	171.60	168.30	169.30	19/04/2022 17:35	CET	11621	1969117.30
SPAC	FR0011277391	FPN	Euronext Paris	EUR	0.03	0.03	0.0288	0.0294	19/04/2022 16:39	CET	623251	18158.7398
SPARTOO	FR00140043Y1	ALSPT	Euronext Growth Paris	EUR	2.43	2.44	2.26	2.28	19/04/2022 17:35	CET	117555	276556.26
SPEED RABBIT PIZZA	FR0000054371	MLSRP	Euronext Access Paris	EUR	4.48	4.92	4.48	4.92	19/04/2022 16:30	CET	195	958.96
SPIE	FR0012757854	SPIE	Euronext Paris	EUR	20.80	21.06	20.62	21.00	19/04/2022 17:35	CET	205661	4306761.44
SPINEGUARD	FR0011464452	ALSGD	Euronext Growth Paris	EUR	1.042	1.064	1.038	1.062	19/04/2022 17:35	CET	74521	78057.301
SPINEGUARD BS	FR0014003UB4	SGDBS	Euronext Growth Paris	EUR	0.0166	0.0166	0.0166	0.0166	19/04/2022 14:22	CET	46430	770.738
SPINEWAY	FR0011398874	ALSPW	Euronext Growth Paris	EUR	0.0006	0.0007	0.0005	0.0006	19/04/2022 17:16	CET	106984180	63961.3189
SQLI	FR0011289040	SQI	Euronext Paris	EUR	29.00	29.20	29.00	29.10	19/04/2022 13:01	CET	381	11076.10
ST DUPONT	FR0000054199	DPT	Euronext Paris	EUR	0.135	0.138	0.135	0.138	19/04/2022 17:35	CET	32933	4535.29
STEF	FR0000064271	STF	Euronext Paris	EUR	96.00	97.00	95.20	95.70	19/04/2022 17:35	CET	5167	497471.50
STELLANTIS NV	NL00150001Q9	STLA	Euronext Paris	EUR	13.296	13.512	13.126	13.35	19/04/2022 17:35	CET	6525290	86788766.148
STMICROELECTRONICS	NL0000226223	STM	Euronext Paris	EUR	34.435	34.705	33.98	34.595	19/04/2022 17:35	CET	2089977	71945010.07
STRADIM ESPAC.FIN	FR0000074775	ALSAS	Euronext Growth Paris	EUR	7.20	7.25	7.20	7.25	19/04/2022 16:30	CET	372	2687.00
STREAMWIDE	FR0010528059	ALSTW	Euronext Growth Paris	EUR	23.20	23.20	22.50	22.50	19/04/2022 16:22	CET	464	10591.90
STREIT MECANIQUE	FR0000063976	MLSTR	Euronext Access Paris	EUR	6.00	6.00	6.00	6.00	17/03/2022 11:30	CET	11	66.00
SUMO RESOURCES PLC	GB00B8GJBS16	MLSUM	Euronext Access Paris	EUR	0.0205	0.0205	0.0205	0.0205	19/04/2022 11:30	CET	14000	287.00
SWORD GROUP	FR0004180578	SWP	Euronext Paris	EUR	52.00	52.00	50.30	50.70	19/04/2022 17:35	CET	11822	604892.70
SYNERGIE	FR0000032658	SDG	Euronext Paris	EUR	36.40	36.75	36.20	36.55	19/04/2022 17:35	CET	5473	199846.30
TARKETT	FR0004188670	TKTT	Euronext Paris	EUR	12.84	12.84	12.74	12.76	19/04/2022 17:35	CET	1269	16226.10
TAYNINH	FR0000063307	TAYN	Euronext Paris	EUR	1.44	1.44	1.44	1.44	01/04/2022 16:30	CET	645	928.80
TEAM	FR0000033466	MLTEA	Euronext Access Paris	EUR	330.00	330.00	330.00	330.00	16/03/2022 11:30	CET	1	330.00
TECH BSA 2024	FR0013526225	TECBS	Euronext Paris	EUR	0.261	0.285	0.261	0.262	19/04/2022 15:53	CET	1594	417.79
TECHNICOLOR	FR0013505062	TCH	Euronext Paris	EUR	3.34	3.372	3.296	3.31	19/04/2022 17:35	CET	91024	302367.066
TECHNIP ENERGIES	NL0014559478	TE	Euronext Paris	EUR	12.18	12.56	12.105	12.36	19/04/2022 17:35	CET	1218852	15075155.87
TELEPERFORMANCE	FR0000051807	TEP	Euronext Paris	EUR	335.20	335.20	321.10	325.30	19/04/2022 17:35	CET	135484	44056478.60
TELEVERBIER	CH0008175645	TVRB	Euronext Paris	EUR	47.00	47.00	47.00	47.00	04/04/2022 11:30	CET	1	47.00
TELEVISTA	FR0011076595	MLVST	Euronext Access Paris	EUR	3.00	3.00	3.00	3.00	23/03/2022 16:30	CET	15	45.00
TF1	FR0000054900	TFI	Euronext Paris	EUR	8.65	8.705	8.53	8.67	19/04/2022 17:35	CET	199439	1725642.115
TFF GROUP	FR0013295789	TFF	Euronext Paris	EUR	31.50	31.50	30.50	30.80	19/04/2022 17:35	CET	2482	76681.50
THALES	FR0000121329	HO	Euronext Paris	EUR	128.45	131.15	128.00	129.00	19/04/2022 17:36	CET	499102	64443509.40
THE BLOCKCHAIN GP	FR0011053636	ALTBG	Euronext Growth Paris	EUR	1.234	1.234	1.187	1.20	19/04/2022 17:16	CET	33282	40147.124
THEBLOCKCHAINGRBS	FR00140065G1	TBGBS	Euronext Growth Paris	EUR	0.0142	0.017	0.0138	0.014	19/04/2022 17:28	CET	95916	1416.0146
THERACLION	FR0010120402	ALTHE	Euronext Growth Paris	EUR	1.26	1.285	1.26	1.285	19/04/2022 16:27	CET	863	1094.09
THERADIAG	FR0004197747	ALTER	Euronext Growth Paris	EUR	2.025	2.025	1.99	1.992	19/04/2022 17:29	CET	11174	22426.267
THERANEXUS	FR0013286259	ALTHX	Euronext Growth Paris	EUR	2.27	2.27	2.125	2.13	19/04/2022 17:29	CET	21471	46684.015
THERAVET	BE0974387194	ALVET	Euronext Growth Paris, Brussels	EUR	4.40	4.40	4.40	4.40	19/04/2022 17:35	CET	145	638.00
THERMADOR GROUPE	FR0013333432	THEP	Euronext Paris	EUR	90.60	93.30	89.20	93.30	19/04/2022 17:35	CET	2681	245935.70
TIKEHAU CAPITAL	FR0013230612	TKO	Euronext Paris	EUR	24.00	24.00	23.05	23.05	19/04/2022 17:35	CET	13454	312239.30
TIPIAK	FR0000066482	TIPI	Euronext Paris	EUR	62.50	62.50	62.50	62.50	19/04/2022 16:30	CET	112	7000.00
TITAN CEMENT	BE0974338700	TITC	Euronext Brussels, Paris	EUR	14.18	14.20	13.98	14.10	19/04/2022 17:35	CET	8718	122994.04
TIVOLY	FR0000060949	ALTIV	Euronext Growth Paris	EUR	41.80	41.80	41.80	41.80	19/04/2022 17:23	CET	637	26626.60
TOOLUX SANDING	LU0394945660	ALTLX	Euronext Growth Paris	EUR	1.60	1.60	1.60	1.60	25/03/2015 15:30	CET	1650	2640.00
TOOSLA	FR00140062B9	ALTOO	Euronext Growth Paris	EUR	2.94	2.94	2.86	2.94	19/04/2022 12:28	CET	1117	3233.46
TOQUES BLANCHES	FR0011668821	ALTBM	Euronext Growth Paris	EUR	0.452	0.452	0.42	0.42	19/04/2022 16:32	CET	5975	2630.64
TOTALENERGIES	FR0000120271	TTE	Euronext Paris, Brussels	EUR	47.075	48.385	46.945	47.345	19/04/2022 17:38	CET	5924175	282151968.52
TotalEnergiesGabon	GA0000121459	EC	Euronext Paris	EUR	180.00	185.00	180.00	184.50	19/04/2022 17:35	CET	2563	469497.00
TOUAX	FR0000033003	TOUP	Euronext Paris	EUR	7.97	7.97	7.70	7.81	19/04/2022 17:23	CET	7118	55702.05
TOUR EIFFEL	FR0000036816	EIFF	Euronext Paris	EUR	26.70	26.90	26.70	26.70	19/04/2022 16:42	CET	585	15661.50
TOUTABO	FR0010621722	MLABO	Euronext Access Paris	EUR	0.955	0.955	0.955	0.955	24/03/2022 11:30	CET	250	238.75
TPSH	FR0011040690	MLPSH	Euronext Access Paris	EUR	0.191	0.191	0.191	0.191	17/12/2018 11:30	CET	3070	586.37
TRAMWAYS DE ROUEN	FR0000031866	MLTRA	Euronext Access Paris	EUR	4100.00	4100.00	4100.00	4100.00	12/04/2022 16:30	CET	7	28700.00
TRANSGENE	FR0005175080	TNG	Euronext Paris	EUR	2.445	2.445	2.36	2.36	19/04/2022 17:35	CET	55098	131915.28
TRANSITION SHARES	FR00140039U7	TRAN	Euronext Paris	EUR	9.79	9.79	9.79	9.79	31/03/2022 15:04	CET	187	1830.73
TRANSITION WARRANT	FR0014003AC4	TRANW	Euronext Paris	EUR	0.50	0.50	0.50	0.50	18/01/2022 10:59	CET	1300	650.00
TRIGANO	FR0005691656	TRI	Euronext Paris	EUR	123.60	126.30	122.50	126.20	19/04/2022 17:35	CET	30273	3776330.90
TRILOGIQ	FR0010397901	ALTRI	Euronext Growth Paris	EUR	5.65	5.65	5.60	5.60	19/04/2022 16:35	CET	598	3378.30
TROC ILE	FR0000031106	MLTRO	Euronext Access Paris	EUR	4.60	4.60	4.60	4.60	29/03/2022 14:11	CET	569	2617.40
TRONICS	FR0004175099	ALTRO	Euronext Growth Paris	EUR	5.00	5.00	5.00	5.00	12/04/2022 11:30	CET	50	250.00
TTI	FR0010383877	ALTTI	Euronext Growth Paris	EUR	2.60	2.60	2.60	2.60	06/04/2022 11:30	CET	36	93.60
TXCOM	FR0010654087	ALTXC	Euronext Growth Paris	EUR	8.25	8.25	8.25	8.25	14/04/2022 11:30	CET	121	998.25
U10 CORP	FR0000079147	ALU10	Euronext Growth Paris	EUR	1.71	1.73	1.705	1.73	19/04/2022 15:58	CET	2471	4253.43
UBISOFT ENTERTAIN	FR0000054470	UBI	Euronext Paris	EUR	36.94	36.94	35.58	36.63	19/04/2022 17:35	CET	694153	25203771.82
UCAR	FR0011070457	ALUCR	Euronext Growth Paris	EUR	58.45	58.45	58.35	58.45	19/04/2022 17:23	CET	470	27428.20
UMALIS GROUP	FR0011776889	MLUMG	Euronext Access Paris	EUR	4.96	4.96	4.96	4.96	19/04/2022 11:30	CET	40	198.40
UMANIS	FR0013263878	ALUMS	Euronext Growth Paris	EUR	16.70	16.76	16.70	16.74	19/04/2022 17:35	CET	14362	240099.78
UNI.METALG.HT-SEI.	FR0005783503	MLUMH	Euronext Access Paris	EUR	32.00	32.00	32.00	32.00	09/03/2022 16:30	CET	10	320.00
UNIBAIL-RODAMCO-WE	FR0013326246	URW	Euronext Amsterdam, Paris	EUR	70.71	70.97	69.79	70.23	19/04/2022 17:38	CET	506689	35619062.43
UNIBEL	FR0000054215	UNBL	Euronext Paris	EUR	1030.00	1030.00	1030.00	1030.00	19/04/2022 16:30	CET	7	7210.00
UNION FIN.FRANCE	FR0000034548	UFF	Euronext Paris	EUR	18.90	19.00	18.90	18.95	19/04/2022 17:35	CET	1644	31152.20
UNION TECH.INFOR.	FR0000074197	FPG	Euronext Paris	EUR	0.489	0.489	0.489	0.489	19/04/2022 09:00	CET	3	1.467
UNITI	FR0012709160	ALUNT	Euronext Growth Paris	EUR	2.42	2.44	2.42	2.44	19/04/2022 10:55	CET	46	112.22
UPERGY	FR0010337865	ALUPG	Euronext Growth Paris	EUR	4.08	4.08	4.08	4.08	19/04/2022 09:00	CET	1	4.08
UV GERMI	FR0011898584	ALUVI	Euronext Growth Paris	EUR	4.60	4.72	4.52	4.525	19/04/2022 16:52	CET	6837	31393.875
VALBIOTIS	FR0013254851	ALVAL	Euronext Growth Paris	EUR	7.06	7.06	6.88	6.92	19/04/2022 17:35	CET	3843	26707.20
VALEO	FR0013176526	FR	Euronext Paris	EUR	16.855	17.20	16.50	17.04	19/04/2022 17:35	CET	1043692	17685447.915
VALLOUREC	FR0013506730	VK	Euronext Paris	EUR	12.09	12.495	12.07	12.115	19/04/2022 17:35	CET	1029904	12615338.75
VALLOUREC BSA 21	FR00140030K7	VKBS	Euronext Paris	EUR	-	-	-	-	-	CET	-	-
VALNEVA	FR0004056851	VLA	Euronext Paris	EUR	16.735	17.18	16.28	16.595	19/04/2022 17:35	CET	734475	12189850.015
VALONEO	FR0012833770	MLVAL	Euronext Access Paris	EUR	14.30	14.30	14.30	14.30	25/09/2018 16:30	CET	10	143.00
VANDOR REAL ESTATE	ES0105623005	MLVRE	Euronext Access Paris	EUR	6.00	6.00	6.00	6.00	16/12/2021 00:00	CET	-	-
VENTE UNIQUE.COM	FR0010766667	ALVU	Euronext Growth Paris	EUR	11.26	11.60	11.26	11.60	19/04/2022 15:32	CET	1735	19760.06
VEOLIA ENVIRON.	FR0000124141	VIE	Euronext Paris	EUR	27.90	28.04	27.32	27.34	19/04/2022 17:36	CET	1714580	47163078.71
VERALLIA	FR0013447729	VRLA	Euronext Paris	EUR	23.14	23.14	22.40	22.78	19/04/2022 17:35	CET	177298	4038939.50
VERGNET	FR0004155240	ALVER	Euronext Growth Paris	EUR	0.1764	0.1764	0.1702	0.1716	19/04/2022 17:35	CET	109012	18823.9002
VERIMATRIX	FR0010291245	VMX	Euronext Paris	EUR	1.046	1.054	1.016	1.016	19/04/2022 17:35	CET	57763	59816.514
VERNEY CARRON	FR0006174496	MLVER	Euronext Access Paris	EUR	8.40	8.40	8.40	8.40	19/04/2022 16:30	CET	52	436.80
VETOQUINOL	FR0004186856	VETO	Euronext Paris	EUR	126.20	128.60	123.20	127.00	19/04/2022 17:35	CET	5670	712680.00
VIALIFE	FR0010326090	ALVIA	Euronext Growth Paris	EUR	14.50	14.50	14.50	14.50	31/03/2022 12:04	CET	189	2740.50
VICAT	FR0000031775	VCT	Euronext Paris	EUR	30.00	30.50	29.85	30.05	19/04/2022 17:35	CET	24465	736704.30
VIEL ET COMPAGNIE	FR0000050049	VIL	Euronext Paris	EUR	5.88	5.92	5.88	5.92	19/04/2022 17:28	CET	965	5701.50
VILMORIN & CIE	FR0000052516	RIN	Euronext Paris	EUR	44.40	44.55	43.70	44.25	19/04/2022 17:35	CET	6179	272805.05
VINCI	FR0000125486	DG	Euronext Paris	EUR	89.10	90.30	88.54	89.24	19/04/2022 17:36	CET	1474031	131737560.28
VIRBAC	FR0000031577	VIRP	Euronext Paris	EUR	370.00	384.50	367.00	382.00	19/04/2022 17:35	CET	19567	7354150.00
VISIATIV	FR0004029478	ALVIV	Euronext Growth Paris	EUR	33.40	33.90	33.20	33.90	19/04/2022 17:35	CET	2804	93977.15
VISIATIV BS	FR0014003O76	VIVBS	Euronext Growth Paris	EUR	0.3917	0.40	0.3917	0.40	11/03/2022 09:12	CET	947	377.97
VISIOMED BSA2018-1	FR0013322724	VMGBS	Euronext Growth Paris	EUR	0.003	0.003	0.003	0.003	19/04/2022 09:00	CET	600	1.80
VISIOMED GROUP	FR0013481835	ALVMG	Euronext Growth Paris	EUR	0.212	0.212	0.2025	0.205	19/04/2022 17:35	CET	1375283	284837.6775
VISIOMEDBSA26OCT23	FR0013321817	VMGBT	Euronext Growth Paris	EUR	-	-	-	-	-	CET	-	-
VITURA	FR0010309096	VTR	Euronext Paris	EUR	33.20	33.20	33.00	33.00	19/04/2022 09:55	CET	46	1522.20
VIVENDI NV22	FR0014006O81	VIVNV	Euronext Paris	EUR	-	-	-	-	-	CET	-	-
VIVENDI SE	FR0000127771	VIV	Euronext Paris	EUR	11.93	12.04	11.89	11.89	19/04/2022 17:35	CET	2329371	27836927.87
VOGO	FR0011532225	ALVGO	Euronext Growth Paris	EUR	5.39	5.41	5.21	5.24	19/04/2022 17:35	CET	1682	8910.36
VOLTALIA	FR0011995588	VLTSA	Euronext Paris	EUR	20.25	20.30	19.74	20.05	19/04/2022 17:35	CET	29160	582552.90
VOYAGEURS DU MONDE	FR0004045847	ALVDM	Euronext Growth Paris	EUR	96.00	97.80	95.00	97.40	19/04/2022 17:35	CET	4979	478674.80
VRANKEN-POMMERY	FR0000062796	VRAP	Euronext Paris, Brussels	EUR	17.70	17.85	17.65	17.65	19/04/2022 17:35	CET	1797	31844.90
VREF SEVILLE	ES0105492005	MLVRF	Euronext Access Paris	EUR	-	-	-	-	-	CET	-	-
WAGA ENERGY	FR0012532810	WAGA	Euronext Paris	EUR	38.00	38.10	36.95	37.50	19/04/2022 17:35	CET	5588	209302.10
WALLIX	FR0010131409	ALLIX	Euronext Growth Paris	EUR	17.78	18.30	17.30	17.70	19/04/2022 17:35	CET	21304	378870.84
WAVESTONE	FR0013357621	WAVE	Euronext Paris	EUR	46.10	46.70	46.00	46.55	19/04/2022 17:35	CET	10827	501045.15
WE.CONNECT	FR0013079092	ALWEC	Euronext Growth Paris	EUR	16.80	17.80	16.35	16.35	19/04/2022 17:37	CET	5871	99701.55
WEACCESS GROUP	FR0010688465	MLWEA	Euronext Access Paris	EUR	2.40	2.40	2.40	2.40	11/04/2022 11:30	CET	10	24.00
WEDIA	FR0010688440	ALWED	Euronext Growth Paris	EUR	38.90	38.90	38.90	38.90	19/04/2022 11:11	CET	27	1050.30
WELL	FR0004152700	MLWEL	Euronext Access Paris	EUR	1.46	1.46	1.44	1.44	29/03/2022 16:30	CET	70	101.40
WENDEL	FR0000121204	MF	Euronext Paris	EUR	95.75	96.30	94.40	95.00	19/04/2022 17:35	CET	58917	5605943.60
WEYA	FR0010768770	MLWEY	Euronext Access Paris	EUR	3.00	3.30	3.00	3.30	19/04/2022 16:30	CET	8	24.30
WHITENI R CAJAL	ES0105399002	MLWRC	Euronext Access Paris	EUR	3.00	3.00	3.00	3.00	25/10/2019 11:30	CET	350	1050.00
WINFARM	FR0014000P11	ALWF	Euronext Growth Paris	EUR	23.30	23.30	23.20	23.20	19/04/2022 14:23	CET	246	5715.10
WITBE	FR0013143872	ALWIT	Euronext Growth Paris	EUR	7.10	7.14	7.02	7.10	19/04/2022 17:35	CET	5286	37392.04
WIZIBOAT	FR00140047H7	MLWIZ	Euronext Access Paris	EUR	8.25	8.25	7.60	7.60	14/04/2022 16:30	CET	147	1147.75
WORLDLINE	FR0011981968	WLN	Euronext Paris	EUR	35.11	35.48	34.17	35.02	19/04/2022 17:35	CET	753290	26176157.36
X-FAB	BE0974310428	XFAB	Euronext Paris	EUR	6.20	6.265	6.095	6.205	19/04/2022 17:35	CET	167451	1034781.46
XILAM ANIMATION	FR0004034072	XIL	Euronext Paris	EUR	40.30	40.65	40.00	40.20	19/04/2022 17:35	CET	1132	45531.45
ZCCM	ZM0000000037	MLZAM	Euronext Access Paris	EUR	1.05	1.05	1.05	1.05	19/04/2022 16:30	CET	1955	2052.75
ZCI LIMITED	BMG9887P1068	CV	Euronext Paris	EUR	0.17	0.20	0.17	0.20	04/08/2015 16:20	CET	21826	3755.94
