Name	ISIN	Symbol	Market	Trading Currency	Open	High	Low	Last	Last Date/Time	Time Zone	Volume	Turnover
European Equities
06 Sep 2022
All datapoints provided as of end of last active trading day.
1000MERCIS	FR0010285965	ALMIL	Euronext Growth Paris	EUR	26.20	26.20	26.20	26.20	06/09/2022 13:33	CET	1	26.20
2CRSI	FR0013341781	2CRSI	Euronext Paris	EUR	2.975	2.995	2.93	2.93	06/09/2022 16:05	CET	7697	22869.035
A TOUTE VITESSE	FR0010050773	MLATV	Euronext Access Paris	EUR	1.48	1.48	1.35	1.35	13/11/2019 16:53	CET	378	521.87
A.S.T. GROUPE	FR0000076887	ALAST	Euronext Growth Paris	EUR	3.00	3.00	2.89	2.89	06/09/2022 17:29	CET	3944	11556.03
AB SCIENCE	FR0010557264	AB	Euronext Paris	EUR	9.00	9.14	8.835	8.955	06/09/2022 17:35	CET	35693	320179.475
ABC ARBITRAGE	FR0004040608	ABCA	Euronext Paris	EUR	7.04	7.04	7.01	7.03	06/09/2022 17:36	CET	9158	64287.13
ABEO	FR0013185857	ABEO	Euronext Paris	EUR	17.90	17.90	17.85	17.85	06/09/2022 12:57	CET	115	2053.50
ABIONYX PHARMA	FR0012616852	ABNX	Euronext Paris	EUR	1.98	2.10	1.98	2.10	06/09/2022 17:35	CET	89525	183313.36
ABIVAX	FR0012333284	ABVX	Euronext Paris	EUR	8.50	8.86	8.50	8.75	06/09/2022 17:35	CET	52220	455894.37
ABL Diagnostics	FR001400AHX6	ABLD	Euronext Paris	EUR	14.452	14.452	14.452	14.452	05/08/2022 11:30	CET	1000	14452.00
ABO GROUP	BE0974278104	ABO	Euronext Brussels, Paris	EUR	5.00	5.00	5.00	5.00	05/09/2022 09:29	CET	100	500.00
ACANTHE DEV.	FR0000064602	ACAN	Euronext Paris	EUR	0.418	0.418	0.411	0.411	06/09/2022 10:17	CET	10122	4206.346
ACCOR	FR0000120404	AC	Euronext Paris	EUR	23.63	24.09	23.56	23.65	06/09/2022 17:39	CET	502936	11971181.55
ACCOR AC SHARES	FR0014003PZ3	AAC	Euronext Paris	EUR	9.80	9.80	9.80	9.80	31/08/2022 13:12	CET	100	980.00
ACCOR AC WARRANTS	FR0014003QK3	AACW	Euronext Paris	EUR	0.09	0.09	0.09	0.09	10/08/2022 14:16	CET	1500	135.00
ACHETER-LOUER.FR	FR001400BJ77	ALALO	Euronext Growth Paris	EUR	5.00	5.50	4.70	4.80	06/09/2022 17:12	CET	2827	13972.275
ACTEOS	FR0000076861	EOS	Euronext Paris	EUR	1.595	1.595	1.59	1.59	06/09/2022 17:29	CET	8	12.725
ACTIA GROUP	FR0000076655	ATI	Euronext Paris	EUR	4.52	4.56	4.52	4.56	06/09/2022 17:35	CET	735	3333.76
ACTICOR BIOTECH	FR0014005OJ5	ALACT	Euronext Growth Paris	EUR	5.66	5.70	5.40	5.40	06/09/2022 16:47	CET	2369	13003.32
ACTIVIUM GROUP	FR0010979377	MLACT	Euronext Access Paris	EUR	1.16	1.16	1.16	1.16	06/09/2022 16:30	CET	86	99.76
ADC SIIC	BE0974269012	ALDV	Euronext Paris	EUR	0.076	0.076	0.0755	0.0755	25/08/2022 16:30	CET	10600	800.60
ADEUNIS	FR0013284627	ALARF	Euronext Growth Paris	EUR	2.32	2.33	2.30	2.33	06/09/2022 10:43	CET	22	51.21
ADOCIA	FR0011184241	ADOC	Euronext Paris	EUR	4.65	4.745	4.30	4.50	06/09/2022 17:35	CET	37517	168391.75
ADOMOS	FR0013247244	ALADO	Euronext Growth Paris	EUR	0.0113	0.0118	0.0105	0.0108	06/09/2022 17:35	CET	1094009	12206.0563
ADP	FR0010340141	ADP	Euronext Paris	EUR	133.30	134.80	132.95	133.30	06/09/2022 17:37	CET	24319	3247545.60
ADUX	FR0012821890	ADUX	Euronext Paris, Amsterdam	EUR	1.715	1.735	1.68	1.68	06/09/2022 17:35	CET	2109	3565.405
ADVICENNE	FR0013296746	ALDVI	Euronext Growth Paris	EUR	5.04	5.20	5.04	5.06	06/09/2022 17:10	CET	8350	42690.86
ADVINI	FR0000053043	ADVI	Euronext Paris	EUR	20.60	21.20	20.60	20.80	06/09/2022 17:29	CET	136	2832.20
AELIS FARMA	FR0014007ZB4	AELIS	Euronext Paris	EUR	9.92	9.92	9.92	9.92	06/09/2022 12:11	CET	61	605.12
AERKOMM INC	US00774B2088	AKOM	Euronext Paris	EUR	6.45	6.45	6.45	6.45	09/08/2022 09:48	CET	4	25.80
AFFLUENT MED DS	FR001400C2C3	AFMDS	Euronext Paris	EUR	0.028	0.03	0.028	0.03	06/09/2022 17:10	CET	14622	417.3007
AFFLUENT MEDICAL	FR0013333077	AFME	Euronext Paris	EUR	2.80	2.945	2.70	2.94	06/09/2022 17:20	CET	6004	16944.16
AFYREN	FR0014005AC9	ALAFY	Euronext Growth Paris	EUR	7.80	7.95	7.80	7.90	06/09/2022 17:00	CET	1285	10100.69
AG3I	FR0011908045	MLAGI	Euronext Access Paris	EUR	0.31	0.31	0.31	0.31	27/12/2021 11:30	CET	74	22.94
AGENCE AUTO	FR0014005WE9	MLAA	Euronext Access Paris	EUR	2.70	2.70	2.70	2.70	06/09/2022 16:30	CET	300	810.00
AGP MALAGA SOCIMI	ES0105478004	MLAGP	Euronext Access Paris	EUR	2.95	2.95	2.95	2.95	23/11/2020 11:52	CET	2000	5900.00
AGRIPOWER	FR0013452281	ALAGP	Euronext Growth Paris	EUR	8.60	9.00	8.60	8.90	06/09/2022 17:35	CET	2894	25779.19
AGROGENERATION	FR0010641449	ALAGR	Euronext Growth Paris	EUR	0.1028	0.1042	0.10	0.1038	06/09/2022 17:27	CET	176878	18176.7414
AIR FRANCE -KLM	FR0000031122	AF	Euronext Paris, Amsterdam	EUR	1.445	1.479	1.445	1.46	06/09/2022 17:35	CET	3954767	5785524.4455
AIR LIQUIDE	FR0000120073	AI	Euronext Paris	EUR	120.74	122.16	120.38	121.66	06/09/2022 16:30	CET	560173	68021641.92
AIR MARINE	FR0013285103	MLAIM	Euronext Access Paris	EUR	1.07	1.07	1.07	1.07	23/08/2022 11:30	CET	300	321.00
AIRBUS	NL0000235190	AIR	Euronext Paris	EUR	96.34	97.99	96.34	97.09	06/09/2022 17:35	CET	674006	65489353.91
AIRWELL	FR0014003V77	MLAIR	Euronext Access Paris	EUR	3.60	3.60	3.60	3.60	06/09/2022 16:30	CET	38	136.80
AKWEL	FR0000053027	AKW	Euronext Paris	EUR	17.20	17.94	17.20	17.26	06/09/2022 17:35	CET	951	16595.72
ALAN ALLMAN	FR0000062465	AAA	Euronext Paris	EUR	10.45	10.45	9.90	9.90	06/09/2022 15:44	CET	1498	15453.19
ALBIOMA	FR0000060402	ABIO	Euronext Paris	EUR	50.00	50.05	50.00	50.00	06/09/2022 17:35	CET	28758	1438067.15
ALBIOMA BSAAR 2018	FR0013368438	ABIBS	Euronext Growth Paris	EUR	26.29	26.29	26.29	26.29	10/05/2022 14:58	CET	250	6572.50
ALCHIMIE	FR0014000JX7	ALCHI	Euronext Growth Paris	EUR	3.65	3.65	3.54	3.60	06/09/2022 17:24	CET	1671	6000.97
ALD	FR0013258662	ALD	Euronext Paris	EUR	11.04	11.10	10.86	10.98	06/09/2022 17:35	CET	112086	1229374.48
ALEPH FINANCE	GB00BJ9M4V82	MLALE	Euronext Access Paris	EUR	2.90	2.90	2.90	2.90	26/01/2022 11:30	CET	3	8.70
ALGREEN	FR0011668821	ALGRE	Euronext Growth Paris	EUR	0.06	0.0685	0.0545	0.068	06/09/2022 17:35	CET	8376	532.06
ALGREEN202212BS	FR0013483401	ALGBS	Euronext Growth Paris	EUR	-	-	-	-	-	CET	-	-
ALPES (COMPAGNIE)	FR0000053324	CDA	Euronext Paris	EUR	15.12	15.22	14.90	14.96	06/09/2022 17:35	CET	42542	638594.86
ALPHA MOS	FR0013421286	ALNEO	Euronext Growth Paris	EUR	1.76	1.83	1.736	1.742	06/09/2022 15:44	CET	1881	3299.456
ALSTOM	FR0010220475	ALO	Euronext Paris	EUR	19.81	20.36	19.81	20.31	06/09/2022 17:35	CET	1114590	22537283.635
ALTAMIR	FR0000053837	LTA	Euronext Paris	EUR	24.40	24.70	24.38	24.70	06/09/2022 17:35	CET	5214	127218.34
ALTAREA	FR0000033219	ALTA	Euronext Paris	EUR	130.40	132.80	130.40	131.20	06/09/2022 17:35	CET	3126	411556.00
ALTAREIT	FR0000039216	AREIT	Euronext Paris	EUR	640.00	640.00	640.00	640.00	06/09/2022 09:00	CET	1	640.00
ALTEN	FR0000071946	ATE	Euronext Paris	EUR	121.50	123.70	121.50	123.10	06/09/2022 17:35	CET	15048	1848583.10
ALTHEORA	FR0000061244	ALORA	Euronext Growth Paris	EUR	1.645	1.645	1.60	1.60	06/09/2022 14:49	CET	1124	1826.885
ALTUR INVEST.	FR0010395681	ALTUR	Euronext Paris	EUR	6.60	6.60	6.58	6.58	06/09/2022 16:49	CET	136	895.70
ALVEEN	FR0013253812	MLALV	Euronext Access Paris	EUR	0.44	0.44	0.44	0.44	05/08/2022 11:30	CET	2	0.88
AMA CORPORATION	GB00BNKGZC51	ALAMA	Euronext Growth Paris	EUR	0.718	0.726	0.682	0.682	06/09/2022 16:16	CET	58064	41336.11
AMATHEON AGRI	NL0010273694	MLAAH	Euronext Access Paris	EUR	0.11	0.11	0.11	0.11	06/09/2022 11:30	CET	1	0.11
AMOEBA	FR0011051598	ALMIB	Euronext Growth Paris	EUR	0.932	0.949	0.926	0.93	06/09/2022 17:35	CET	136458	127056.995
AMPLITUDE SURGICAL	FR0012789667	AMPLI	Euronext Paris	EUR	3.06	3.06	3.06	3.06	06/09/2022 17:35	CET	201	615.06
AMUNDI	FR0004125920	AMUN	Euronext Paris	EUR	50.45	51.65	50.45	51.05	06/09/2022 17:35	CET	144141	7360246.30
ANTIN INFRA PARTN	FR0014005AL0	ANTIN	Euronext Paris	EUR	26.22	27.64	26.22	27.04	06/09/2022 17:35	CET	48501	1313861.70
APERAM	LU0569974404	APAM	Euronext Amsterdam, Brussels, Paris	EUR	25.10	26.11	25.10	25.59	06/09/2022 17:35	CET	188533	4828818.81
APTORUM GROUP CL A	KYG6096M1069	APM	Euronext Paris	EUR	2.70	2.70	2.70	2.70	15/01/2021 13:35	CET	426	1150.20
AQUILA	FR0010340711	ALAQU	Euronext Growth Paris	EUR	4.98	4.98	4.98	4.98	06/09/2022 16:53	CET	316	1573.68
ARAMIS GROUP	FR0014003U94	ARAMI	Euronext Paris	EUR	4.55	5.185	4.55	4.956	06/09/2022 17:35	CET	162661	806679.249
ARCELORMITTAL SA	LU1598757687	MT	Euronext Amsterdam, Paris	EUR	22.53	22.98	22.37	22.72	06/09/2022 17:35	CET	3028305	68603964.27
ARCHOS	FR0014007XT1	ALJXR	Euronext Growth Paris	EUR	0.182	0.182	0.17	0.175	06/09/2022 17:25	CET	205821	36078.7937
ARCURE	FR0013398997	ALCUR	Euronext Growth Paris	EUR	2.68	2.68	2.68	2.68	06/09/2022 09:00	CET	402	1077.36
ARDOIN ST AMAND A	FR0005057635	MLARD	Euronext Access Paris	EUR	180.00	180.00	180.00	180.00	09/08/2022 11:36	CET	33	5940.00
ARDOIN ST AMAND B	FR0004070795	ARDO	Euronext Access Paris	EUR	72.00	72.00	72.00	72.00	03/08/2020 16:30	CET	2	144.00
ARGAN	FR0010481960	ARG	Euronext Paris	EUR	87.80	88.30	86.90	87.60	06/09/2022 17:35	CET	3452	302109.80
ARIMELIA ITG	ES0105601001	MLARI	Euronext Access Paris	EUR	2.97	2.97	2.97	2.97	17/09/2021 00:00	CET	-	-
ARKEMA	FR0010313833	AKE	Euronext Paris	EUR	82.38	83.84	81.94	82.56	06/09/2022 17:35	CET	179925	14882702.72
AROCA DEL PINAR	ES0105486007	MLARO	Euronext Access Paris	EUR	-	-	-	-	-	CET	-	-
ARTEA	FR0012185536	ARTE	Euronext Paris	EUR	19.80	19.80	19.80	19.80	06/09/2022 09:00	CET	1	19.80
ARTMARKET COM	FR0000074783	PRC	Euronext Paris	EUR	6.68	6.88	6.51	6.70	06/09/2022 17:35	CET	5052	33582.62
ARTOIS NOM.	FR0000076952	ARTO	Euronext Paris	EUR	4480.00	4480.00	4480.00	4480.00	05/09/2022 11:54	CET	2	8960.00
ASHLER ET MANSON	FR0012968485	MLAEM	Euronext Access Paris	EUR	2.94	2.94	2.94	2.94	02/09/2022 11:30	CET	250	735.00
ASSYSTEM	FR0000074148	ASY	Euronext Paris	EUR	39.00	39.00	38.00	38.20	06/09/2022 17:35	CET	2447	93743.20
ATARI	FR0010478248	ALATA	Euronext Growth Paris	EUR	0.1212	0.1287	0.1212	0.1262	06/09/2022 17:35	CET	436561	55171.9524
ATEME	FR0011992700	ATEME	Euronext Paris	EUR	12.38	12.38	12.20	12.30	06/09/2022 17:35	CET	2742	33657.72
ATLAND	FR0013455482	ATLD	Euronext Paris	EUR	42.20	42.20	41.60	41.60	06/09/2022 11:22	CET	1501	62542.40
ATOS	FR0000051732	ATO	Euronext Paris	EUR	10.62	10.97	10.415	10.475	06/09/2022 17:38	CET	1253813	13295210.34
AUBAY	FR0000063737	AUB	Euronext Paris	EUR	48.65	48.65	48.00	48.00	06/09/2022 17:35	CET	1269	61332.05
AUDACIA	FR00140059B5	ALAUD	Euronext Growth Paris	EUR	5.80	5.80	5.80	5.80	06/09/2022 10:48	CET	121	701.80
AUDIENCE LABS	FR0011896463	MLAUD	Euronext Access Paris	EUR	2.00	2.00	2.00	2.00	26/05/2022 14:02	CET	210	420.00
AUGROS COSMETICS	FR0000061780	AUGR	Euronext Paris	EUR	5.55	5.55	5.55	5.55	06/09/2022 16:30	CET	18	99.90
AUPLATA MINING GR	FR0013410370	ALAMG	Euronext Growth Paris	EUR	0.0275	0.0295	0.0268	0.0293	06/09/2022 17:35	CET	35584535	1012985.9948
AUREA	FR0000039232	AURE	Euronext Paris	EUR	8.28	8.42	8.10	8.10	06/09/2022 17:35	CET	1258	10266.76
AURES TECHNOLOGIES	FR0013183589	AURS	Euronext Paris	EUR	14.45	14.45	14.30	14.30	06/09/2022 17:03	CET	534	7688.85
AVENIR TELECOM	FR0013529815	AVT	Euronext Paris	EUR	0.0095	0.0101	0.0089	0.0092	06/09/2022 17:35	CET	96004166	904200.2328
AXA	FR0000120628	CS	Euronext Paris	EUR	23.535	23.945	23.535	23.775	06/09/2022 17:37	CET	4162169	98970162.035
AXWAY SOFTWARE	FR0011040500	AXW	Euronext Paris	EUR	20.90	21.00	20.70	21.00	06/09/2022 17:38	CET	2780	58205.70
AZ LEASING	IT0004812258	MLAZL	Euronext Access Paris	EUR	0.57	0.57	0.57	0.57	10/11/2020 16:30	CET	303	172.71
AZOREAN TECH	PTAZR0AM0006	MLAAT	Euronext Access Paris	EUR	0.20	0.20	0.20	0.20	23/05/2022 16:30	CET	5051	1010.20
BAIKOWSKI	FR0013384369	ALBKK	Euronext Growth Paris	EUR	24.90	25.00	24.70	24.70	06/09/2022 16:26	CET	83	2073.70
BAINS MER MONACO	MC0000031187	BAIN	Euronext Paris	EUR	89.00	91.00	89.00	90.00	06/09/2022 17:27	CET	3694	331489.40
BALYO	FR0013258399	BALYO	Euronext Paris	EUR	0.706	0.711	0.68	0.688	06/09/2022 17:22	CET	40465	27819.23
BARBARA BUI	FR0000062788	BUI	Euronext Paris	EUR	8.00	8.00	8.00	8.00	01/09/2022 11:30	CET	2	16.00
BARINGS CORE SPAIN	ES0105362000	MLBAR	Euronext Access Paris	EUR	-	-	-	-	-	CET	-	-
BASSAC	FR0004023208	BASS	Euronext Paris	EUR	59.20	59.60	59.00	59.00	06/09/2022 16:55	CET	132	7845.00
BASTIDE LE CONFORT	FR0000035370	BLC	Euronext Paris	EUR	36.50	37.00	35.80	36.50	06/09/2022 17:35	CET	1049	38102.05
BATLA MINERALS	FR0010436170	MLBAT	Euronext Access Paris	EUR	0.51	0.51	0.51	0.51	29/08/2022 16:30	CET	1	0.51
BD MULTI MEDIA	FR0000035305	ALBDM	Euronext Growth Paris	EUR	3.115	3.275	3.075	3.185	06/09/2022 17:13	CET	1224	3815.60
BEACONSMIND	CH0451123589	MLBMD	Euronext Access Paris	EUR	11.20	11.20	11.20	11.20	01/09/2022 11:30	CET	500	5600.00
BEBO HEALTH	CH1148983609	MLBBO	Euronext Access Paris	EUR	10.00	10.00	10.00	10.00	05/09/2022 16:30	CET	10	100.00
BELIEVE	FR0014003FE9	BLV	Euronext Paris	EUR	8.35	8.70	8.35	8.44	06/09/2022 17:35	CET	12467	106090.52
BENETEAU	FR0000035164	BEN	Euronext Paris	EUR	10.26	10.30	10.08	10.24	06/09/2022 17:35	CET	30177	308226.56
BERNARD LOISEAU	FR0000066961	ALDBL	Euronext Growth Paris	EUR	3.76	3.76	3.76	3.76	06/09/2022 11:30	CET	800	3008.00
BIC	FR0000120966	BB	Euronext Paris	EUR	57.50	57.50	56.85	57.15	06/09/2022 17:39	CET	29442	1682526.75
BIGBEN INTERACTIVE	FR0000074072	BIG	Euronext Paris	EUR	11.86	12.00	11.74	12.00	06/09/2022 17:35	CET	10388	123672.20
BILENDI	FR0004174233	ALBLD	Euronext Growth Paris	EUR	25.10	25.20	25.00	25.20	06/09/2022 16:54	CET	328	8245.90
BIO-UV GROUP	FR0013345493	ALTUV	Euronext Growth Paris	EUR	5.47	5.57	5.41	5.45	06/09/2022 17:35	CET	27958	153705.81
BIOCORP	FR0012788065	ALCOR	Euronext Growth Paris	EUR	19.50	19.70	18.20	18.50	06/09/2022 17:35	CET	1729	32489.80
BIOMERIEUX	FR0013280286	BIM	Euronext Paris	EUR	90.04	91.82	90.04	90.78	06/09/2022 17:35	CET	124889	11358232.46
BIOPHYTIS	FR0012816825	ALBPS	Euronext Growth Paris	EUR	0.0905	0.0971	0.0881	0.0894	06/09/2022 17:35	CET	3264633	304862.9516
BIOPHYTIS BSA	FR0013507290	BPSBS	Euronext Growth Paris	EUR	0.05	0.06	0.045	0.06	02/09/2022 17:16	CET	9000	422.23
BIOSYNEX	FR0011005933	ALBIO	Euronext Growth Paris	EUR	14.52	14.70	14.24	14.50	06/09/2022 17:35	CET	7483	108483.23
BLEECKER	FR0000062150	BLEE	Euronext Paris	EUR	189.00	189.00	189.00	189.00	05/09/2022 11:30	CET	1	189.00
BLUE SHARK POWER	FR0013340973	MLBSP	Euronext Access Paris	EUR	3.78	3.78	3.78	3.78	25/08/2021 16:30	CET	2000	7560.00
BLUELINEA	FR0011041011	ALBLU	Euronext Growth Paris	EUR	1.14	1.14	1.14	1.14	06/09/2022 16:53	CET	136	155.04
BLUELINEA BSA Y	FR0013480985	BLUBT	Euronext Growth Paris	EUR	0.035	0.035	0.035	0.035	12/04/2022 09:00	CET	30	1.05
BNP PARIBAS ACT.A	FR0000131104	BNP	Euronext Paris	EUR	46.475	47.065	46.17	46.56	06/09/2022 16:30	CET	1843576	85906503.465
BOA CONCEPT	FR0011365907	ALBOA	Euronext Growth Paris	EUR	30.70	32.20	30.20	31.20	06/09/2022 17:16	CET	781	24241.30
BODY ONE	FR0010106039	MLONE	Euronext Access Paris	EUR	0.41	0.41	0.41	0.41	24/08/2022 16:30	CET	974	399.34
BOIRON	FR0000061129	BOI	Euronext Paris	EUR	45.85	46.40	45.85	46.40	06/09/2022 17:35	CET	2178	100574.80
BOLLORE	FR0000039299	BOL	Euronext Paris	EUR	4.76	4.806	4.726	4.802	06/09/2022 17:35	CET	1979315	9479280.95
BONDUELLE	FR0000063935	BON	Euronext Paris	EUR	12.68	12.72	12.30	12.46	06/09/2022 17:35	CET	11700	146069.72
BONE THERAPEUTICS	BE0974280126	BOTHE	Euronext Brussels, Paris	EUR	0.2525	0.2525	0.236	0.237	06/09/2022 17:35	CET	59550	14511.493
BONYF	BE6333353298	MLBON	Euronext Access Paris	EUR	12.00	12.00	12.00	12.00	08/04/2022 16:30	CET	100	1200.00
BOOSTHEAT	FR0011814938	ALBOO	Euronext Growth Paris	EUR	0.272	0.48	0.27	0.337	31/08/2022 12:34	CET	1074534	405190.09
BOURRELIER GROUP	FR0000054421	ALBOU	Euronext Growth Paris	EUR	48.00	48.00	48.00	48.00	20/07/2022 11:30	CET	4	192.00
BOURSE DIRECT	FR0000074254	BSD	Euronext Paris	EUR	3.10	3.14	3.10	3.12	06/09/2022 17:35	CET	1872	5834.76
BOUYGUES	FR0000120503	EN	Euronext Paris	EUR	29.26	29.76	29.22	29.59	06/09/2022 17:35	CET	1136732	33590151.66
BROADPEAK	FR001400AJZ7	ALBPK	Euronext Growth Paris	EUR	5.98	6.059	5.98	5.98	06/09/2022 17:07	CET	170	1018.594
BUREAU VERITAS	FR0006174348	BVI	Euronext Paris	EUR	24.40	24.77	24.36	24.62	06/09/2022 17:35	CET	407487	10018425.45
BURELLE	FR0000061137	BUR	Euronext Paris	EUR	496.00	496.00	496.00	496.00	06/09/2022 09:00	CET	3	1488.00
CA TOULOUSE 31 CCI	FR0000045544	CAT31	Euronext Paris	EUR	69.45	69.45	67.50	67.50	06/09/2022 17:29	CET	467	31935.71
CABASSE GROUP	FR0013530102	ALCG	Euronext Growth Paris	EUR	2.92	2.95	2.92	2.95	06/09/2022 17:19	CET	583	1712.14
CAFOM	FR0010151589	CAFO	Euronext Paris	EUR	10.70	10.70	10.70	10.70	06/09/2022 09:00	CET	1	10.70
CAIRE	FR0010781377	MLAAE	Euronext Access Paris	EUR	2.40	2.40	2.40	2.40	06/09/2022 11:30	CET	32	76.80
CAMBODGE NOM.	FR0000079659	CBDG	Euronext Paris	EUR	5750.00	5750.00	5750.00	5750.00	29/08/2022 16:30	CET	1	5750.00
CAPELLI	FR0012969095	ALCAP	Euronext Growth Paris	EUR	15.90	16.00	15.90	15.90	06/09/2022 11:37	CET	61	971.60
CAPGEMINI	FR0000125338	CAP	Euronext Paris	EUR	174.85	176.25	172.90	174.85	06/09/2022 17:35	CET	218867	38237651.10
CARBIOS	FR0011648716	ALCRB	Euronext Growth Paris	EUR	28.98	29.34	28.50	28.76	06/09/2022 17:35	CET	13611	392299.28
CARMAT	FR0010907956	ALCAR	Euronext Growth Paris	EUR	13.14	13.55	13.14	13.26	06/09/2022 17:35	CET	25310	338865.71
CARMILA	FR0010828137	CARM	Euronext Paris	EUR	15.78	16.08	15.72	16.00	06/09/2022 17:35	CET	46469	740106.14
CARPINIENNE PART.	FR0000064156	CARP	Euronext Paris	EUR	11.60	11.60	11.60	11.60	23/08/2022 16:30	CET	3	34.80
CARREFOUR	FR0000120172	CA	Euronext Paris	EUR	16.325	16.485	16.25	16.395	06/09/2022 17:35	CET	1616230	26481175.41
CASINO GUICHARD	FR0000125585	CO	Euronext Paris	EUR	12.68	12.75	12.03	12.70	06/09/2022 17:35	CET	359643	4489191.17
CAST	FR0000072894	CAS	Euronext Paris	EUR	7.70	7.70	7.58	7.58	06/09/2022 17:18	CET	3250	24683.06
CATANA GROUP	FR0010193052	CATG	Euronext Paris	EUR	6.02	6.13	6.01	6.06	06/09/2022 17:35	CET	67149	406644.43
CATERING INTL SCES	FR0000064446	CTRG	Euronext Paris	EUR	8.50	8.54	8.36	8.36	06/09/2022 16:23	CET	2059	17470.68
CATERPILLAR INC	US1491231015	CATR	Euronext Paris	EUR	188.50	188.50	180.00	180.00	06/09/2022 16:38	CET	38	7103.50
CBI	FR0014007LW0	ALCBI	Euronext Growth Paris	EUR	1.102	1.156	1.102	1.106	06/09/2022 17:35	CET	6218	7077.536
CBO TERRITORIA	FR0010193979	CBOT	Euronext Paris	EUR	3.58	3.61	3.58	3.58	06/09/2022 16:19	CET	9774	35161.88
CEGEDIM	FR0000053506	CGM	Euronext Paris	EUR	19.70	19.70	19.46	19.64	06/09/2022 17:35	CET	6044	118287.10
CELLECTIS	FR0010425595	ALCLS	Euronext Growth Paris	EUR	3.19	3.264	3.10	3.192	06/09/2022 17:35	CET	67401	214065.072
CELYAD ONCOLOGY	BE0974260896	CYAD	Euronext Brussels, Paris	EUR	1.98	1.98	1.96	1.96	06/09/2022 17:29	CET	2825	5543.40
CERINNOV GROUP	FR0013178712	ALPCV	Euronext Growth Paris	EUR	1.128	1.13	1.094	1.094	06/09/2022 16:50	CET	2921	3217.28
CESAR	FR0013297165	ALCES	Euronext Growth Paris	EUR	0.101	0.101	0.101	0.101	06/09/2022 11:30	CET	2	0.202
CESYNT A SHARES	IT0005402034	MLCSA	Euronext Access Paris	EUR	1.80	1.80	1.80	1.80	01/04/2021 17:04	CET	190	342.00
CESYNT B SHARES	IT0005398877	MLCSB	Euronext Access Paris	EUR	1.80	1.80	1.80	1.80	15/12/2020 11:30	CET	100	180.00
CFI	FR0000037475	CFI	Euronext Paris	EUR	0.71	0.71	0.71	0.71	01/09/2022 11:30	CET	1102	782.42
CFM INDOSUEZWEALTH	MC0010000826	MLCFM	Euronext Access Paris	EUR	980.00	980.00	980.00	980.00	05/09/2022 16:30	CET	5	4900.00
CGG	FR0013181864	CGG	Euronext Paris	EUR	0.97	0.972	0.9118	0.9118	06/09/2022 17:35	CET	12612902	11754827.1582
CGG BSA 2	FR0013309622	CGGBT	Euronext Paris	EUR	0.0045	0.005	0.0045	0.0045	05/09/2022 16:55	CET	308625	1413.82
CH.FER DEPARTEMENT	FR0000037871	MLCFD	Euronext Access Paris	EUR	740.00	740.00	740.00	740.00	06/09/2022 16:30	CET	1	740.00
CH.FER VAR GARD N.	FR0000051567	MLCVG	Euronext Access Paris	EUR	6400.00	6400.00	6400.00	6400.00	04/07/2022 16:30	CET	2	12800.00
CHARGEURS	FR0000130692	CRI	Euronext Paris	EUR	15.00	15.24	14.89	15.15	06/09/2022 17:36	CET	61303	922610.44
CHARWOOD ENERGY	FR001400AJ60	ALCWE	Euronext Growth Paris	EUR	9.10	9.10	8.80	8.80	06/09/2022 17:35	CET	1869	16540.75
CHAUSSERIA	FR0000060907	CHSR	Euronext Paris	EUR	5.20	5.20	5.20	5.20	05/09/2022 16:30	CET	30	156.00
CHEOPS TECHNOLOGY	FR0010447086	MLCHE	Euronext Access Paris	EUR	65.00	65.00	65.00	65.00	30/08/2022 16:30	CET	10	650.00
CHRISTIAN DIOR	FR0000130403	CDI	Euronext Paris	EUR	608.50	617.50	605.00	613.00	06/09/2022 17:35	CET	1342	820731.00
CIBOX INTER A CTIV	FR0000054322	CIB	Euronext Paris	EUR	0.075	0.0758	0.0735	0.0735	06/09/2022 17:17	CET	13190	972.951
CIE DU MONT BLANC	FR0000060428	MLCMB	Euronext Access Paris	EUR	122.00	122.00	122.00	122.00	06/09/2022 16:30	CET	4	488.00
CIOA	FR0012384907	MLCIO	Euronext Access Paris	EUR	1.75	1.75	1.75	1.75	06/09/2022 11:30	CET	100	175.00
CLARANOVA	FR0013426004	CLA	Euronext Paris	EUR	3.05	3.10	3.046	3.07	06/09/2022 17:35	CET	27756	85192.016
CLASQUIN	FR0004152882	ALCLA	Euronext Growth Paris	EUR	56.40	57.00	56.40	57.00	06/09/2022 16:30	CET	227	12863.00
CMG CLEANTECH	FR0013406881	MLCMG	Euronext Access Paris	EUR	6.30	6.30	6.30	6.30	05/09/2022 11:30	CET	340	2142.00
CNIM GROUP	FR0000053399	COM	Euronext Paris	EUR	7.80	7.80	7.32	7.46	14/01/2022 16:38	CET	164	1217.42
CNOVA	NL0010949392	CNV	Euronext Paris	EUR	4.50	4.50	4.50	4.50	06/09/2022 09:00	CET	1	4.50
COFACE	FR0010667147	COFA	Euronext Paris	EUR	9.865	9.94	9.77	9.90	06/09/2022 17:35	CET	206338	2037341.54
COFIDUR	FR0013257409	ALCOF	Euronext Growth Paris	EUR	318.00	348.00	318.00	348.00	05/09/2022 15:58	CET	19	6198.00
COGELEC	FR0013335742	ALLEC	Euronext Growth Paris	EUR	7.24	7.24	7.24	7.24	06/09/2022 09:00	CET	421	3048.04
COGRA	FR0011071570	ALCOG	Euronext Growth Paris	EUR	17.20	17.25	16.70	17.00	06/09/2022 17:35	CET	5744	97599.70
COHERIS	FR0004031763	COH	Euronext Paris	EUR	2.42	2.60	2.42	2.60	02/09/2022 12:03	CET	626	1541.08
COIL	BE0160342011	ALCOI	Euronext Growth Paris	EUR	9.20	9.38	9.20	9.36	06/09/2022 17:35	CET	344	3170.58
COLAS	FR0000121634	RE	Euronext Paris	EUR	120.00	120.00	119.00	119.50	06/09/2022 17:35	CET	278	33175.50
COLIPAYS	FR0010959684	MLCLP	Euronext Access Paris	EUR	5.80	5.80	5.80	5.80	01/09/2022 16:30	CET	188	1090.40
COMPAGNIE ODET	FR0000062234	ODET	Euronext Paris	EUR	1160.00	1176.00	1144.00	1150.00	06/09/2022 17:35	CET	226	262440.00
CONDOR TECHNOLOG	BE6252013725	MLMFI	Euronext Access Paris	EUR	15.00	15.00	15.00	15.00	06/09/2022 17:18	CET	2110	31650.00
CONSORT NT	FR0000077828	MLCNT	Euronext Access Paris	EUR	61.50	61.50	61.50	61.50	29/07/2021 11:30	CET	22	1353.00
CONSTRUCTEURS BOIS	FR00140007I9	MLLCB	Euronext Access Paris	EUR	4.82	4.82	4.82	4.82	06/09/2022 11:30	CET	500	2410.00
COREP LIGHTING	FR0010035816	MLCOR	Euronext Access Paris	EUR	9.00	9.00	9.00	9.00	17/01/2022 11:30	CET	57	513.00
COURBET	FR0004998318	MLCOU	Euronext Access Paris	EUR	1.20	1.20	1.20	1.20	07/03/2022 11:30	CET	212	254.40
COURTOIS	FR0000065393	COUR	Euronext Paris	EUR	125.00	125.00	125.00	125.00	05/09/2022 11:30	CET	9	1125.00
COVIVIO	FR0000064578	COV	Euronext Paris	EUR	54.25	55.50	54.20	54.55	06/09/2022 17:37	CET	98559	5390561.45
COVIVIO HOTELS	FR0000060303	COVH	Euronext Paris	EUR	16.10	16.20	16.10	16.20	06/09/2022 17:35	CET	34	548.90
CRCAM ALP.PROV.CCI	FR0000044323	CRAP	Euronext Paris	EUR	68.45	68.45	67.00	67.00	06/09/2022 16:46	CET	67	4518.45
CRCAM ATL.VEND.CCI	FR0000185506	CRAV	Euronext Paris	EUR	81.99	81.99	81.00	81.00	06/09/2022 15:19	CET	129	10552.52
CRCAM BRIE PIC2CCI	FR0010483768	CRBP2	Euronext Paris	EUR	20.85	20.90	20.70	20.72	06/09/2022 17:35	CET	1583	32935.05
CRCAM ILLE-VIL.CCI	FR0000045213	CIV	Euronext Paris	EUR	59.50	60.50	59.50	60.50	06/09/2022 16:49	CET	91	5469.00
CRCAM LANGUED CCI	FR0010461053	CRLA	Euronext Paris	EUR	48.36	49.10	48.36	48.36	06/09/2022 10:11	CET	87	4208.80
CRCAM LOIRE HTE L.	FR0000045239	CRLO	Euronext Paris	EUR	58.49	58.49	58.49	58.49	06/09/2022 09:00	CET	1	58.49
CRCAM MORBIHAN CCI	FR0000045551	CMO	Euronext Paris	EUR	60.01	60.01	60.01	60.01	06/09/2022 14:02	CET	17	1020.17
CRCAM NORD CCI	FR0000185514	CNF	Euronext Paris	EUR	17.20	17.40	17.04	17.088	06/09/2022 17:35	CET	2582	44360.132
CRCAM NORM.SEINE	FR0000044364	CCN	Euronext Paris	EUR	77.00	77.70	77.00	77.70	06/09/2022 11:06	CET	118	9109.80
CRCAM PARIS ET IDF	FR0000045528	CAF	Euronext Paris	EUR	75.34	76.30	75.34	75.35	06/09/2022 16:08	CET	226	17032.85
CRCAM SUD R.A.CCI	FR0000045346	CRSU	Euronext Paris	EUR	118.12	119.20	118.12	119.20	06/09/2022 10:30	CET	3	356.52
CRCAM TOURAINE CCI	FR0000045304	CRTO	Euronext Paris	EUR	62.50	62.50	62.50	62.50	06/09/2022 15:22	CET	8	500.00
CREDIT AGRICOLE	FR0000045072	ACA	Euronext Paris	EUR	9.052	9.174	9.019	9.118	06/09/2022 17:37	CET	4743429	43220028.605
CROSSJECT	FR0011716265	ALCJ	Euronext Growth Paris	EUR	3.36	3.51	3.25	3.31	06/09/2022 17:35	CET	112858	382049.75
CROSSWOOD	FR0000050395	CROS	Euronext Paris	EUR	7.90	7.90	7.90	7.90	06/09/2022 11:30	CET	5	39.50
CS GROUP.	FR0007317813	SX	Euronext Paris	EUR	11.15	11.15	11.10	11.10	06/09/2022 16:34	CET	6005	66663.15
CYBERGUN	FR0014004QR6	ALCYB	Euronext Growth Paris	EUR	0.3982	0.4168	0.3982	0.4064	06/09/2022 17:35	CET	186731	75370.232
CYBERGUN BSA K1	FR0013507977	CYBK1	Euronext Growth Paris	EUR	0.0015	0.0015	0.0015	0.0015	07/06/2022 15:55	CET	1	0.00
CYBERGUN BSA K2A	FR0013507985	CYBKA	Euronext Growth Paris	EUR	0.0025	0.0025	0.0025	0.0025	11/08/2022 12:59	CET	100000	250.00
CYBERGUN BSA K2B	FR0013508009	CYBKB	Euronext Growth Paris	EUR	0.0015	0.0015	0.0015	0.0015	31/08/2022 09:00	CET	300000	450.00
D.L.S.I.	FR0010404368	ALDLS	Euronext Growth Paris	EUR	9.82	9.82	9.82	9.82	06/09/2022 09:00	CET	1	9.82
DAMARIS	FR0000077885	MLDAM	Euronext Access Paris	EUR	9.50	9.50	9.50	9.50	26/08/2022 11:30	CET	20	190.00
DAMARTEX	FR0000185423	ALDAR	Euronext Growth Paris	EUR	10.70	10.70	10.70	10.70	06/09/2022 17:02	CET	312	3338.40
DANONE	FR0000120644	BN	Euronext Paris	EUR	50.65	51.41	50.16	50.88	06/09/2022 17:35	CET	1241367	63145804.12
DASSAULT AVIATION	FR0014004L86	AM	Euronext Paris	EUR	137.20	137.90	135.80	136.50	06/09/2022 17:35	CET	19723	2697057.00
DASSAULT SYSTEMES	FR0014003TT8	DSY	Euronext Paris	EUR	38.505	39.285	38.275	38.825	06/09/2022 17:36	CET	917224	35625854.03
DBT	FR0013066750	ALDBT	Euronext Growth Paris	EUR	0.0201	0.0208	0.0201	0.0202	06/09/2022 17:35	CET	2240734	45584.9728
DBV TECHNOLOGIES	FR0010417345	DBV	Euronext Paris	EUR	4.134	4.544	4.114	4.544	06/09/2022 17:18	CET	145767	631031.264
DEE TECH SHARES	FR0014003G01	DEE	Euronext Paris	EUR	9.85	9.85	9.85	9.85	31/08/2022 13:13	CET	100	985.00
DEE TECH WARRANTS	FR0014003G19	DEEW	Euronext Paris	EUR	0.30	0.30	0.30	0.30	22/12/2021 12:00	CET	1000	300.00
DEEZER	FR001400AYG6	DEEZR	Euronext Paris	EUR	3.82	3.87	3.73	3.73	06/09/2022 17:02	CET	6194	23423.776
DEEZER WARRANTS	FR0014004JF6	DEEZW	Euronext Paris	EUR	0.165	0.165	0.165	0.165	06/07/2022 11:15	CET	6636	1094.94
DEINOVE	FR0010879056	ALDEI	Euronext Growth Paris	EUR	0.129	0.138	0.125	0.129	06/09/2022 17:20	CET	134123	17250.591
DEKUPLE	FR0000062978	DKUPL	Euronext Paris	EUR	30.90	31.00	30.20	30.40	06/09/2022 17:14	CET	3368	103701.70
DELFINGEN	FR0000054132	ALDEL	Euronext Growth Paris	EUR	46.70	47.80	46.50	46.50	06/09/2022 17:35	CET	241	11308.50
DELTA DRONE	FR0014009LP0	ALDR	Euronext Growth Paris	EUR	0.2814	0.2888	0.25	0.2502	06/09/2022 17:35	CET	295891	77271.5339
DELTA DRONE BSA Y	FR0013400991	ALDBY	Euronext Growth Paris	EUR	0.001	0.001	0.001	0.001	30/08/2022 09:00	CET	40000	40.00
DELTA PLUS GROUP	FR0013283108	ALDLT	Euronext Growth Paris	EUR	67.60	68.60	67.30	67.30	06/09/2022 17:35	CET	590	39939.60
DERICHEBOURG	FR0000053381	DBG	Euronext Paris	EUR	5.46	5.535	5.325	5.35	06/09/2022 17:35	CET	162156	871853.365
DEVERNOIS	FR0000060840	ALDEV	Euronext Growth Paris	EUR	15.50	15.50	15.50	15.50	06/09/2022 11:30	CET	7	108.50
DIAGEO	GB0002374006	DGE	Euronext Paris	EUR	44.00	44.40	43.60	43.60	06/09/2022 13:46	CET	3291	144804.00
DIAGNOSTIC MEDICAL	FR0012202497	ALDMS	Euronext Growth Paris	EUR	1.02	1.07	0.966	1.065	02/09/2022 12:35	CET	8305	8381.03
DMS IMAGING	BE0974289218	DMSIM	Euronext Brussels, Paris	EUR	0.12	0.12	0.115	0.115	05/09/2022 10:13	CET	1954	229.46
DNXCORP	FR0010436584	ALDNX	Euronext Growth Paris	EUR	9.88	9.90	9.42	9.42	05/09/2022 15:22	CET	420	4130.00
DOCK.PETR.AMBES AM	FR0000065260	DPAM	Euronext Paris	EUR	440.00	440.00	440.00	440.00	05/09/2022 17:29	CET	12	5280.00
DOLFINES	FR0014004QZ9	ALDOL	Euronext Growth Paris	EUR	0.0711	0.0768	0.0586	0.072	06/09/2022 17:35	CET	27718613	1799622.0628
DONTNOD	FR0013331212	ALDNE	Euronext Growth Paris	EUR	11.90	12.55	11.85	12.55	06/09/2022 17:35	CET	5697	68690.40
DRONE VOLT	FR0013088606	ALDRV	Euronext Growth Paris	EUR	0.0428	0.0428	0.0409	0.0409	06/09/2022 17:35	CET	1249550	51569.2431
DRONE VOLT BS26	FR0014007951	BNBS	Euronext Growth Paris	EUR	0.014	0.014	0.014	0.014	26/07/2022 10:57	CET	16002	224.03
DYNAFOND	FR0000052920	MLDYN	Euronext Access Paris	EUR	1.74	2.00	1.74	2.00	06/09/2022 16:48	CET	1585	2902.20
DYNEX ENERGY SA	LU0881232630	MLDYX	Euronext Access Paris	EUR	1.39	1.39	1.39	1.39	31/03/2022 11:33	CET	25	34.75
E PANGO	FR0014004339	ALAGO	Euronext Growth Paris	EUR	0.596	0.596	0.544	0.574	06/09/2022 17:09	CET	24364	13857.76
EASSON HOLDINGS	HK0000038783	MLEAS	Euronext Access Paris	EUR	1.00	1.00	1.00	1.00	22/08/2022 13:40	CET	1900	1900.00
EAUX DE ROYAN	FR0007200100	MLEDR	Euronext Access Paris	EUR	88.50	88.50	88.50	88.50	06/09/2022 11:30	CET	2	177.00
EAVS	FR0010536185	MLEAV	Euronext Access Paris	EUR	10.30	10.30	10.30	10.30	05/05/2021 11:30	CET	145	1493.50
ECOLUTIONS	DE000A0XYM45	MLECO	Euronext Access Paris	EUR	1.25	1.25	1.25	1.25	21/12/2016 15:00	CET	100	125.00
ECOMIAM	FR0013534617	ALECO	Euronext Growth Paris	EUR	6.12	6.12	6.00	6.00	06/09/2022 11:05	CET	708	4297.32
ECOSLOPS	FR0011490648	ALESA	Euronext Growth Paris	EUR	8.64	8.80	8.46	8.60	06/09/2022 15:42	CET	3734	32060.86
EDENRED	FR0010908533	EDEN	Euronext Paris	EUR	50.70	51.08	50.36	50.98	06/09/2022 17:35	CET	217207	11054861.60
EDF	FR0010242511	EDF	Euronext Paris	EUR	11.99	12.03	11.99	11.99	06/09/2022 17:35	CET	3165731	37986392.035
EDILIZIACROBATICA	IT0005351504	ALEAC	Euronext Growth Paris	EUR	15.08	15.08	15.08	15.08	06/09/2022 09:00	CET	1	15.08
EDITIONS DU SIGNE	FR0000052755	MLEDS	Euronext Access Paris	EUR	0.33	0.33	0.33	0.33	12/05/2022 11:30	CET	3498	1154.34
EDUFORM ACTION	FR0010882886	MLEFA	Euronext Access Paris	EUR	1.00	1.00	1.00	1.00	06/09/2022 16:41	CET	18	18.00
EDUNIVERSAL	FR0010439265	MLEDU	Euronext Access Paris	EUR	8.42	8.42	8.42	8.42	18/04/2012 15:00	CET	850	7157.00
EES	FR0010945733	MLEES	Euronext Access Paris	EUR	0.282	0.282	0.282	0.282	06/08/2020 16:30	CET	20	5.64
EGIDE	FR0000072373	ALGID	Euronext Growth Paris	EUR	0.805	0.859	0.805	0.815	06/09/2022 17:29	CET	4340	3564.263
EIFFAGE	FR0000130452	FGR	Euronext Paris	EUR	86.88	87.76	86.86	87.10	06/09/2022 17:35	CET	214863	18733974.24
EKINOPS	FR0011466069	EKI	Euronext Paris	EUR	6.82	6.82	6.73	6.73	06/09/2022 17:35	CET	4758	32232.82
ELEC.STRASBOURG	FR0000031023	ELEC	Euronext Paris	EUR	102.00	102.00	101.50	101.50	06/09/2022 16:59	CET	66	6706.50
ELECT. MADAGASCAR	FR0000035719	EEM	Euronext Paris	EUR	3.28	3.28	3.28	3.28	03/02/2020 16:30	CET	1034	3391.52
ELIOR GROUP	FR0011950732	ELIOR	Euronext Paris	EUR	3.13	3.19	3.106	3.16	06/09/2022 17:35	CET	322069	1015659.362
ELIS	FR0012435121	ELIS	Euronext Paris	EUR	12.51	12.71	12.37	12.43	06/09/2022 17:35	CET	210850	2631078.32
EMBENTION	ES0105639001	MLUAV	Euronext Access Paris	EUR	4.54	4.54	4.54	4.54	28/04/2022 00:00	CET	-	-
EMOVA GROUP	FR0013356755	ALEMV	Euronext Growth Paris	EUR	1.275	1.275	1.215	1.22	06/09/2022 16:00	CET	1961	2401.175
ENCRES DUBUIT	FR0004030708	ALDUB	Euronext Growth Paris	EUR	3.72	3.72	3.71	3.71	06/09/2022 10:45	CET	41	152.12
ENENSYS	FR0013330792	ALNN6	Euronext Growth Paris	EUR	0.806	0.864	0.778	0.82	06/09/2022 17:24	CET	38062	30999.44
ENERGISME	FR0013399359	ALNRG	Euronext Growth Paris	EUR	0.743	0.743	0.681	0.72	06/09/2022 17:35	CET	7478	5228.568
ENERTIME	FR0011915339	ALENE	Euronext Growth Paris	EUR	1.832	1.868	1.814	1.83	06/09/2022 17:23	CET	13483	24668.128
ENGIE	FR0010208488	ENGI	Euronext Paris, Brussels	EUR	12.206	12.34	12.062	12.126	06/09/2022 17:38	CET	3712050	45066592.032
ENOGIA	FR0014004974	ALENO	Euronext Growth Paris	EUR	5.70	5.70	5.56	5.68	06/09/2022 17:11	CET	2122	11910.90
ENTECH	FR0014004362	ALESE	Euronext Growth Paris	EUR	8.01	8.04	7.94	8.02	06/09/2022 17:29	CET	3108	24824.92
ENTREPARTICULIERS	FR0010424697	ALENT	Euronext Growth Paris	EUR	3.24	3.74	3.235	3.445	06/09/2022 17:22	CET	22385	77126.075
ENTREPRENDRE	FR0000045122	ALENR	Euronext Growth Paris	EUR	5.85	5.85	5.85	5.85	01/09/2022 16:30	CET	30	175.50
EO2	FR0010465534	ALEO2	Euronext Growth Paris	EUR	6.70	6.84	6.22	6.44	06/09/2022 17:35	CET	29219	189004.24
EQUASENS	FR0012882389	EQS	Euronext Paris	EUR	76.80	78.30	76.80	77.50	06/09/2022 17:35	CET	1255	97234.30
ERAMET	FR0000131757	ERA	Euronext Paris	EUR	79.90	81.50	78.20	79.15	06/09/2022 17:37	CET	47351	3761825.05
EROLD	FR0010211037	ALPLA	Euronext Growth Paris	EUR	0.778	0.778	0.778	0.778	06/09/2022 09:00	CET	1	0.778
ERYTECH PHARMA	FR0011471135	ERYP	Euronext Paris	EUR	0.83	0.83	0.8035	0.8065	06/09/2022 17:35	CET	31406	25588.4025
ESI GROUP	FR0004110310	ESI	Euronext Paris	EUR	70.40	71.40	69.60	69.60	06/09/2022 17:35	CET	2335	163519.20
ESKER	FR0000035818	ALESK	Euronext Growth Paris	EUR	127.80	129.60	125.60	127.70	06/09/2022 17:35	CET	6719	857217.10
ESPERITE	NL0009272137	ESP	Euronext Amsterdam, Paris	EUR	0.0192	0.0192	0.015	0.0176	06/09/2022 17:35	CET	4594287	76125.0292
ESSILORLUXOTTICA	FR0000121667	EL	Euronext Paris	EUR	148.20	150.05	147.20	148.80	06/09/2022 17:35	CET	275649	40997641.20
ESSO	FR0000120669	ES	Euronext Paris	EUR	63.80	65.00	62.60	64.00	06/09/2022 17:35	CET	30307	1938913.60
EURASIA FONC INV	FR0000061475	EFI	Euronext Paris	EUR	0.264	0.264	0.264	0.264	01/09/2022 11:30	CET	333	87.91
EURASIA GROUPE	FR0010844001	ALEUA	Euronext Growth Paris	EUR	4.02	4.02	4.02	4.02	06/09/2022 09:00	CET	1	4.02
EURAZEO	FR0000121121	RF	Euronext Paris	EUR	58.50	59.55	58.35	59.00	06/09/2022 17:35	CET	67001	3953857.25
EUREKING SHARES	FR0014009ON9	KINGS	Euronext Paris	EUR	10.00	10.00	10.00	10.00	01/09/2022 15:43	CET	20	200.00
EUREKING WARRANTS	FR0014009OX8	KINGW	Euronext Paris	EUR	0.10	0.10	0.10	0.10	08/08/2022 09:00	CET	10	1.00
EURO RESSOURCES	FR0000054678	EUR	Euronext Paris	EUR	2.99	2.99	2.98	2.98	06/09/2022 16:22	CET	77	229.80
EUROAPI	FR0014008VX5	EAPI	Euronext Paris	EUR	17.00	17.02	16.53	16.86	06/09/2022 17:35	CET	270368	4528454.275
EUROBIO-SCIENTIFIC	FR0013240934	ALERS	Euronext Growth Paris	EUR	17.57	17.75	17.40	17.57	06/09/2022 17:35	CET	7967	139666.44
EUROFINS CEREP	FR0013256518	ALECR	Euronext Growth Paris	EUR	20400.00	20400.00	20400.00	20400.00	12/08/2022 16:32	CET	5	102000.00
EUROFINS SCIENT.	FR0014000MR3	ERF	Euronext Paris	EUR	66.14	66.90	65.80	66.36	06/09/2022 17:35	CET	195895	13010325.72
EUROLAND CORPORATE	FR0010157115	MLERO	Euronext Access Paris	EUR	2.96	2.96	2.96	2.96	02/09/2022 11:30	CET	1	2.96
EUROLOG CANOLA	ES0105586004	MLCAN	Euronext Access Paris	EUR	1320.00	1320.00	1320.00	1320.00	11/08/2021 00:00	CET	-	-
EUROMEDIS GROUPE	FR0000075343	ALEMG	Euronext Growth Paris	EUR	5.70	5.76	5.70	5.74	06/09/2022 17:29	CET	897	5155.56
EURONEXT	NL0006294274	ENX	Euronext Paris, Amsterdam, Brussels	EUR	72.22	72.64	71.34	71.78	06/09/2022 17:35	CET	89454	6430903.52
EUROPACORP	FR0010490920	ALECP	Euronext Growth Paris	EUR	0.542	0.56	0.516	0.528	06/09/2022 14:58	CET	22072	11887.448
EUROPLASMA	FR0013514114	ALEUP	Euronext Growth Paris	EUR	0.0008	0.0009	0.0007	0.0008	06/09/2022 17:35	CET	82178026	63941.9151
EUTELSAT COMMUNIC.	FR0010221234	ETL	Euronext Paris	EUR	8.935	9.06	8.925	9.03	06/09/2022 17:35	CET	385529	3470276.76
EVERGREEN	FR0000035784	EGR	Euronext Paris	EUR	2.48	2.50	2.42	2.49	06/09/2022 17:27	CET	8511	21111.74
EVOLIS	FR0004166197	ALTVO	Euronext Growth Paris	EUR	27.60	27.60	27.60	27.60	05/09/2022 10:43	CET	9	248.40
EXACOMPTA CLAIREF.	FR0000064164	ALEXA	Euronext Growth Paris	EUR	124.00	124.00	124.00	124.00	06/09/2022 11:30	CET	1	124.00
EXCLUSIVE NETWORKS	FR0014005DA7	EXN	Euronext Paris	EUR	17.38	17.68	16.52	17.10	06/09/2022 17:35	CET	11616	198940.06
EXEL INDUSTRIES	FR0004527638	EXE	Euronext Paris	EUR	42.90	42.90	42.60	42.60	06/09/2022 17:35	CET	129	5522.70
EXPLOSIFS PROD.CHI	FR0014003AQ4	EXPL	Euronext Paris	EUR	60.50	60.50	60.00	60.00	06/09/2022 16:34	CET	277	16620.50
FACEPHI	ES0105029005	ALPHI	Euronext Growth Paris	EUR	2.35	2.35	2.35	2.35	06/09/2022 09:00	CET	1	2.35
FAIFEY INVEST	ES0105553004	MLECE	Euronext Access Paris	EUR	19.80	19.80	19.80	19.80	29/07/2021 00:00	CET	-	-
FASHION B AIR	FR0004034593	ALFBA	Euronext Growth Paris	EUR	0.42	0.42	0.418	0.418	05/09/2022 17:29	CET	2190	917.80
FAURECIA	FR0000121147	EO	Euronext Paris	EUR	13.21	13.77	13.21	13.555	06/09/2022 17:35	CET	1244525	16865814.605
FAYENC.SARREGUEMI.	FR0000031973	FAYE	Euronext Paris	EUR	25.20	25.20	25.20	25.20	22/07/2022 16:30	CET	3	75.60
FD	FR0012300424	MLFDV	Euronext Access Paris	EUR	0.645	0.645	0.645	0.645	27/06/2022 11:30	CET	10	6.45
FDJ	FR0013451333	FDJ	Euronext Paris	EUR	32.12	32.56	32.09	32.28	06/09/2022 17:35	CET	122686	3963724.88
FERM.CAS.MUN.CANNE	FR0000062101	FCMC	Euronext Paris	EUR	1300.00	1300.00	1300.00	1300.00	06/09/2022 16:30	CET	2	2600.00
FERMENTALG	FR0011271600	FALG	Euronext Paris	EUR	2.56	2.58	2.51	2.558	06/09/2022 17:35	CET	26497	67565.34
FIDUCIAL OFF.SOL.	FR0000061418	SACI	Euronext Paris	EUR	28.00	28.00	28.00	28.00	06/09/2022 11:30	CET	1	28.00
FIDUCIAL REAL EST.	FR0000060535	ORIA	Euronext Paris	EUR	187.00	187.00	187.00	187.00	06/09/2022 11:30	CET	1	187.00
FIGEAC AERO	FR0011665280	FGA	Euronext Paris	EUR	5.78	5.85	5.78	5.85	06/09/2022 17:35	CET	2739	15938.83
FILL UP MEDIA	FR001400AEM6	ALFUM	Euronext Growth Paris	EUR	7.00	7.00	7.00	7.00	06/09/2022 09:26	CET	143	1001.00
FIN.ETANG BERRE	FR0000062341	BERR	Euronext Paris	EUR	9.20	9.20	9.20	9.20	01/09/2022 11:30	CET	2	18.40
FIN.ETANG BERRE PF	FR0000062507	EBPF	Euronext Paris	EUR	170.00	170.00	170.00	170.00	26/08/2022 11:30	CET	3	510.00
FIN.OUEST AFRICAIN	SN0000033192	FOAF	Euronext Paris	EUR	2.16	2.16	2.16	2.16	22/07/2022 16:30	CET	4935	10659.60
FINANCIERE MARJOS	FR0000060824	FINM	Euronext Paris	EUR	0.236	0.236	0.236	0.236	30/08/2022 16:41	CET	33355	7871.77
FINATIS	FR0000035123	FNTS	Euronext Paris	EUR	11.00	11.00	11.00	11.00	06/09/2022 16:30	CET	10	110.00
FINAXO	FR0010487272	MLFXO	Euronext Access Paris	EUR	4.70	4.70	4.70	4.70	25/07/2018 16:30	CET	1000	4700.00
FIPP	FR0000038184	FIPP	Euronext Paris	EUR	0.13	0.142	0.13	0.142	06/09/2022 17:35	CET	2006	260.852
FIRSTCAUTION	CH0120879058	MLFIR	Euronext Access Paris	EUR	17.60	17.60	17.60	17.60	06/09/2022 11:30	CET	92	1619.20
FLEURY MICHON	FR0000074759	ALFLE	Euronext Growth Paris	EUR	22.60	22.60	22.30	22.30	06/09/2022 17:35	CET	1224	27347.60
FNAC DARTY	FR0011476928	FNAC	Euronext Paris	EUR	31.40	31.84	30.84	31.00	06/09/2022 17:35	CET	53252	1663577.56
FNPTECHNOLOGIESSA	FR0013230067	MLFNP	Euronext Access Paris	EUR	0.43	0.43	0.43	0.43	16/08/2022 11:30	CET	309	132.87
FOCUSENTERTAINMENT	FR0012419307	ALFOC	Euronext Growth Paris	EUR	43.65	43.65	43.00	43.55	06/09/2022 17:27	CET	443	19192.90
FONCIERE 7 INVEST	FR0000065930	LEBL	Euronext Paris	EUR	0.735	0.735	0.735	0.735	01/09/2022 16:30	CET	11	8.09
FONCIERE EURIS	FR0000038499	EURS	Euronext Paris	EUR	8.25	8.25	7.70	7.70	06/09/2022 17:03	CET	34	262.35
FONCIERE INEA	FR0010341032	INEA	Euronext Paris	EUR	43.00	43.00	42.50	42.50	06/09/2022 17:37	CET	303	12916.70
FONCIERE LYONNAISE	FR0000033409	FLY	Euronext Paris	EUR	83.00	83.00	82.80	82.80	06/09/2022 17:29	CET	16	1325.80
FONCIERE VINDI	FR0011605617	MLVIN	Euronext Access Paris	EUR	3.54	3.54	3.54	3.54	06/09/2022 11:30	CET	14	49.56
FONCIERE VOLTA	FR0000053944	SPEL	Euronext Paris	EUR	7.95	7.95	7.95	7.95	06/09/2022 11:30	CET	1	7.95
FORESTIERE EQUAT.	CI0000053161	FORE	Euronext Paris	EUR	575.00	575.00	575.00	575.00	30/08/2022 16:30	CET	2	1150.00
FORSEE POWER	FR0014005SB3	FORSE	Euronext Paris	EUR	4.01	4.10	4.005	4.005	06/09/2022 16:34	CET	9143	36775.415
FOUNTAINE PAJOT	FR0010485268	ALFPC	Euronext Growth Paris	EUR	96.50	98.00	96.50	97.10	06/09/2022 16:51	CET	351	33899.60
FRANCAISE ENERGIE	FR0013030152	FDE	Euronext Paris	EUR	63.90	64.30	61.00	61.30	06/09/2022 17:35	CET	15223	957260.30
FRANCE SOIR GROUPE	FR0013222346	MLFSG	Euronext Access Paris	EUR	0.005	0.005	0.005	0.005	24/05/2022 11:30	CET	269	1.35
FRANCE TOURISME	FR0010823724	MLFTI	Euronext Access Paris	EUR	0.04	0.04	0.04	0.04	06/09/2022 16:30	CET	1800	72.00
FREELANCE.COM	FR0004187367	ALFRE	Euronext Growth Paris	EUR	6.13	6.13	5.92	6.04	06/09/2022 17:35	CET	7676	46232.89
FREY	FR0010588079	FREY	Euronext Paris	EUR	33.80	33.80	33.80	33.80	06/09/2022 11:54	CET	342	11559.60
G.A.I.	FR0000053415	MLGAI	Euronext Access Paris	EUR	80.00	80.00	80.00	80.00	23/12/2021 16:34	CET	40	3200.00
GALEO	FR0011100759	MLGAL	Euronext Access Paris	EUR	1.11	1.11	1.11	1.11	06/09/2022 16:30	CET	1	1.11
GALIMMO	FR0000030611	GALIM	Euronext Paris	EUR	13.40	13.40	13.40	13.40	06/09/2022 11:30	CET	1	13.40
GASCOGNE	FR0000124414	ALBI	Euronext Growth Paris	EUR	3.53	3.58	3.53	3.58	06/09/2022 13:52	CET	639	2266.07
GAUMONT	FR0000034894	GAM	Euronext Paris	EUR	104.00	104.00	104.00	104.00	06/09/2022 09:00	CET	11	1144.00
GAUSSIN	FR0013495298	ALGAU	Euronext Growth Paris	EUR	3.65	4.236	3.638	4.09	06/09/2022 17:35	CET	341409	1366291.846
GEA GRENOBL.ELECT.	FR0000053035	GEA	Euronext Paris	EUR	88.50	88.50	88.50	88.50	06/09/2022 09:00	CET	1	88.50
GECI INTL	FR0000079634	ALGEC	Euronext Growth Paris	EUR	0.0013	0.0013	0.0011	0.0012	06/09/2022 15:10	CET	4030675	5067.3675
GECINA	FR0010040865	GFC	Euronext Paris	EUR	88.75	91.30	88.60	90.85	06/09/2022 17:38	CET	114152	10362419.00
GENERAL ELECTRIC	US3696043013	GNE	Euronext Paris	EUR	73.60	73.60	72.00	72.00	06/09/2022 17:04	CET	136	9852.40
GENERIX GROUP	FR0010501692	GENX	Euronext Paris	EUR	9.70	9.70	9.60	9.70	23/08/2022 14:53	CET	950	9193.10
GENEURO	CH0308403085	GNRO	Euronext Paris	EUR	2.26	2.27	2.13	2.13	06/09/2022 17:27	CET	1841	4050.97
GENFIT	FR0004163111	GNFT	Euronext Paris	EUR	4.034	4.162	4.014	4.116	06/09/2022 17:35	CET	223382	917674.524
GENOMIC VISION	FR0011799907	GV	Euronext Paris	EUR	0.088	0.097	0.088	0.0891	06/09/2022 17:35	CET	2123832	195829.111
GENOWAY	FR0004053510	ALGEN	Euronext Growth Paris	EUR	3.70	3.71	3.69	3.69	06/09/2022 13:18	CET	396	1464.54
GENSIGHT BIOLOGICS	FR0013183985	SIGHT	Euronext Paris	EUR	3.272	3.32	3.268	3.29	06/09/2022 17:35	CET	25785	84824.846
GENTLEMENS EQUITY	PTGVE1AE0009	MLGEQ	Euronext Access Paris	EUR	0.01	0.01	0.01	0.01	06/09/2022 16:30	CET	830	8.30
GETLINK SE	FR0010533075	GET	Euronext Paris	EUR	18.33	18.33	17.845	18.005	06/09/2022 17:35	CET	884001	15929850.895
GEVELOT	FR0000033888	ALGEV	Euronext Growth Paris	EUR	177.00	177.00	176.00	176.00	06/09/2022 16:30	CET	4628	819149.00
GL EVENTS	FR0000066672	GLO	Euronext Paris	EUR	16.32	16.46	16.08	16.32	06/09/2022 17:35	CET	3255	52817.14
GLASS TO POWER A	IT0005454167	MLGLA	Euronext Access Paris	EUR	-	-	-	-	-	CET	-	-
GLASS TO POWER B	IT0005454175	MLGLB	Euronext Access Paris	EUR	10.00	10.00	10.00	10.00	01/08/2022 11:59	CET	100	1000.00
GLASS TO POWER WAR	IT0005454134	MLGLW	Euronext Access Paris	EUR	-	-	-	-	-	CET	-	-
GLOBAL BIOENERGIES	FR0011052257	ALGBE	Euronext Growth Paris	EUR	4.35	4.35	4.28	4.29	06/09/2022 17:35	CET	8297	35899.755
GLOBAL PIELAGO	ES0105537007	MLNDG	Euronext Access Paris	EUR	4.92	4.92	4.92	4.92	16/04/2021 00:00	CET	-	-
GOLD BY GOLD	FR0011208693	ALGLD	Euronext Growth Paris	EUR	2.22	2.22	2.04	2.04	06/09/2022 16:30	CET	1375	2890.50
GOUR MEDICAL	FR0013371507	MLGML	Euronext Access Paris	EUR	0.04	0.04	0.03	0.03	05/09/2022 16:30	CET	336	11.76
GPE GROUP PIZZORNO	FR0010214064	GPE	Euronext Paris	EUR	35.20	35.90	35.20	35.90	06/09/2022 14:51	CET	71	2503.00
GPE PAROT (AUTO)	FR0013204070	ALPAR	Euronext Growth Paris	EUR	1.725	1.765	1.725	1.765	06/09/2022 15:21	CET	2700	4712.375
GRAINES VOLTZ	FR0000065971	GRVO	Euronext Paris	EUR	104.00	104.50	96.80	99.40	06/09/2022 17:29	CET	1795	182963.00
GROLLEAU	FR0014005ZM5	ALGRO	Euronext Growth Paris	EUR	9.28	9.28	8.52	8.52	06/09/2022 16:49	CET	1883	16426.64
GROUPE BERKEM	FR00140069V2	ALKEM	Euronext Growth Paris	EUR	8.24	8.35	8.21	8.21	06/09/2022 15:40	CET	370	3049.86
GROUPE CARNIVOR	FR0000076960	MLGRC	Euronext Access Paris	EUR	29.60	29.60	29.60	29.60	22/08/2022 16:30	CET	1	29.60
GROUPE CASOL	FR0014003RM7	MLCAS	Euronext Access Paris	EUR	0.151	0.151	0.151	0.151	06/09/2022 12:31	CET	1391	210.041
GROUPE CRIT	FR0000036675	CEN	Euronext Paris	EUR	58.40	58.40	58.00	58.00	06/09/2022 17:10	CET	367	21320.80
GROUPE FLO	FR0014004X25	FLO	Euronext Paris	EUR	13.50	14.10	13.50	14.10	06/09/2022 17:14	CET	323	4377.30
GROUPE GORGE	FR0000062671	GOE	Euronext Paris	EUR	19.74	19.86	19.40	19.44	06/09/2022 17:35	CET	6432	125834.92
GROUPE GUILLIN	FR0012819381	ALGIL	Euronext Growth Paris	EUR	21.15	21.25	21.10	21.20	06/09/2022 17:35	CET	286	6056.30
GROUPE IRD	FR0000124232	IRD	Euronext Paris	EUR	23.005	23.005	23.005	23.005	06/09/2022 09:00	CET	1	23.005
GROUPE JAJ	FR0004010338	GJAJ	Euronext Paris	EUR	1.49	1.52	1.49	1.52	24/08/2022 16:30	CET	5406	8055.12
GROUPE LDLC	FR0000075442	ALLDL	Euronext Growth Paris	EUR	26.65	27.15	26.40	26.40	06/09/2022 17:35	CET	8791	235059.10
GROUPE OKWIND	FR0013439627	ALOKW	Euronext Growth Paris	EUR	14.95	15.44	14.642	15.44	06/09/2022 17:35	CET	9474	142459.372
GROUPE PARTOUCHE	FR0012612646	PARP	Euronext Paris	EUR	19.25	19.45	19.05	19.25	06/09/2022 16:34	CET	562	10820.45
GROUPE PLUS-VALUES	FR0010529719	MLPVG	Euronext Access Paris	EUR	0.01	0.01	0.01	0.01	18/03/2013 15:00	CET	20000	200.00
GROUPE SFPI	FR0004155000	SFPI	Euronext Paris	EUR	2.485	2.49	2.45	2.49	06/09/2022 17:35	CET	3543	8743.35
GROUPE TERA	FR0013429404	ALGTR	Euronext Growth Paris	EUR	7.35	7.35	7.35	7.35	06/09/2022 09:26	CET	301	2212.35
GROUPIMO	FR0014000RP6	ALIMO	Euronext Growth Paris	EUR	1.85	1.85	1.85	1.85	06/09/2022 16:30	CET	500	925.00
GT BIOPHARMA INC	US36254L2097	GTBP	Euronext Paris	EUR	0.55	0.55	0.55	0.55	24/12/2020 11:30	CET	211	116.05
GTT	FR0011726835	GTT	Euronext Paris	EUR	129.00	129.10	124.30	125.40	06/09/2022 17:35	CET	46192	5818490.20
GUANDAO PUER INVES	LU1840650458	MLGDI	Euronext Access Paris	EUR	0.454	0.454	0.454	0.454	23/05/2022 11:30	CET	403	182.96
GUERBET	FR0000032526	GBT	Euronext Paris	EUR	19.50	19.52	19.10	19.10	06/09/2022 17:35	CET	7814	150789.00
GUILLEMOT	FR0000066722	GUI	Euronext Paris	EUR	12.72	12.86	12.36	12.50	06/09/2022 17:35	CET	6351	80016.50
H2O INNOVATION INC	CA4433003064	ALHEO	Euronext Growth Paris	EUR	1.40	1.40	1.40	1.40	06/09/2022 11:30	CET	170	238.00
HAFFNER ENERGY	FR0014007ND6	ALHAF	Euronext Growth Paris	EUR	6.70	6.72	6.671	6.70	06/09/2022 17:35	CET	412	2761.296
HAMILTON GLOBAL OP	GB00BMDXQ672	ALHGO	Euronext Growth Paris	EUR	55.00	55.00	55.00	55.00	06/09/2022 09:00	CET	1	55.00
HAULOTTE GROUP	FR0000066755	PIG	Euronext Paris	EUR	3.40	3.40	3.26	3.275	06/09/2022 17:35	CET	16652	54805.06
HDF	FR0014003VY4	HDF	Euronext Paris	EUR	26.00	26.10	25.65	25.70	06/09/2022 17:23	CET	812	20951.70
HEALTH	FR0013251584	MLAHC	Euronext Access Paris	EUR	0.60	0.60	0.60	0.60	23/03/2022 16:30	CET	370	222.00
HEALTHCARE ACTIVOS	ES0105498002	MLHAY	Euronext Access Paris	EUR	-	-	-	-	-	CET	-	-
HERIGE	FR0000066540	ALHRG	Euronext Growth Paris	EUR	38.60	38.60	36.60	37.70	06/09/2022 16:30	CET	622	23259.90
HERMES INTL	FR0000052292	RMS	Euronext Paris	EUR	1253.50	1275.50	1248.50	1271.50	06/09/2022 17:35	CET	56575	71687529.50
HEXAOM	FR0004159473	HEXA	Euronext Paris	EUR	26.50	26.50	26.00	26.30	06/09/2022 15:39	CET	1025	26899.10
HF COMPANY	FR0000038531	ALHF	Euronext Growth Paris	EUR	5.58	5.64	5.58	5.60	06/09/2022 17:26	CET	5793	32535.38
HIGH CO	FR0000054231	HCO	Euronext Paris	EUR	4.78	4.86	4.74	4.86	06/09/2022 17:35	CET	3221	15484.47
HIPAY GROUP	FR0012821916	ALHYP	Euronext Growth Paris	EUR	9.64	10.08	9.64	10.08	06/09/2022 17:27	CET	178	1759.61
HITECHPROS	FR0010396309	ALHIT	Euronext Growth Paris	EUR	15.80	15.80	15.80	15.80	06/09/2022 11:30	CET	130	2054.00
HK	DE000A11Q133	MLHK	Euronext Access Paris	EUR	100.00	100.00	100.00	100.00	05/09/2022 16:30	CET	3	300.00
HOCHE BAINS L.BAIN	FR0000051302	MLHBB	Euronext Access Paris	EUR	42.00	42.00	42.00	42.00	25/08/2022 11:30	CET	56	2352.00
HOFFMANN	FR0013451044	ALHGR	Euronext Growth Paris	EUR	13.98	13.98	13.62	13.70	06/09/2022 17:35	CET	699	9631.14
Holcim Ltd	CH0012214059	HOLN	Euronext Paris	EUR	45.00	45.95	44.40	45.70	06/09/2022 17:35	CET	23662	1072298.70
HOME CONCEPT	FR0012336691	MLHCF	Euronext Access Paris	EUR	16.10	16.10	16.10	16.10	14/12/2021 16:30	CET	10	161.00
HOPENING	FR0010312181	MLHPE	Euronext Access Paris	EUR	4.70	4.70	4.70	4.70	03/06/2022 16:55	CET	500	2350.00
HOPIUM	FR0014000U63	ALHPI	Euronext Growth Paris	EUR	22.50	22.65	22.30	22.50	06/09/2022 17:35	CET	2693	60613.40
HOPSCOTCH GROUPE	FR0000065278	ALHOP	Euronext Growth Paris	EUR	15.60	15.75	15.40	15.75	06/09/2022 15:36	CET	661	10333.55
HOT.MAJESTIC CANNE	FR0006226791	MLHMC	Euronext Access Paris	EUR	3760.00	3760.00	3760.00	3760.00	05/08/2022 14:30	CET	5	18800.00
HOTELIM	FR0000053738	MLHOT	Euronext Access Paris	EUR	28.80	28.80	28.80	28.80	16/05/2022 16:31	CET	27	777.60
HOTELS DE PARIS	FR0004165801	HDP	Euronext Paris	EUR	1.49	1.49	1.41	1.41	06/09/2022 16:30	CET	120	170.80
HOTL.IMMOB.NICE	FR0006563904	MLHIN	Euronext Access Paris	EUR	195.00	195.00	195.00	195.00	29/08/2022 11:30	CET	5	975.00
HUNYVERS	FR0014007LQ2	ALHUN	Euronext Growth Paris	EUR	11.35	11.35	10.85	11.10	06/09/2022 17:35	CET	714	7926.35
HYBRIGENICS	FR0004153930	ALHYG	Euronext Growth Paris	EUR	0.1225	0.124	0.1212	0.1226	06/09/2022 17:26	CET	151377	18547.9507
HYDRAULIQUE PB	FR0000064735	MLHYD	Euronext Access Paris	EUR	530.00	530.00	530.00	530.00	12/07/2022 16:30	CET	1	530.00
HYDRO-EXPLOIT.	FR0005843125	MLHYE	Euronext Access Paris	EUR	179.00	179.00	179.00	179.00	05/09/2022 11:30	CET	2	358.00
HYDROGEN REFUELING	FR0014001PM5	ALHRS	Euronext Growth Paris	EUR	23.90	23.98	23.56	23.60	06/09/2022 17:35	CET	3468	82415.32
I.CERAM	FR0014005IU4	ALICR	Euronext Growth Paris	EUR	12.80	12.80	12.50	12.50	06/09/2022 17:15	CET	362	4545.35
I2S	FR0005854700	ALI2S	Euronext Growth Paris	EUR	6.30	6.35	6.30	6.35	06/09/2022 16:30	CET	29	183.85
IANTE INVESTMENTS	ES0105479002	MLINT	Euronext Access Paris	EUR	4.62	4.62	4.62	4.62	20/05/2022 16:30	CET	700	3234.00
ICADE	FR0000035081	ICAD	Euronext Paris	EUR	44.06	45.60	44.06	44.80	06/09/2022 17:35	CET	89618	4026021.74
ICAPE HOLDING	FR001400A3Q3	ALICA	Euronext Growth Paris	EUR	16.50	16.678	16.50	16.51	06/09/2022 13:11	CET	97	1610.604
ID LOGISTICS GROUP	FR0010929125	IDL	Euronext Paris	EUR	275.50	279.00	274.50	276.00	06/09/2022 17:35	CET	1786	493563.50
IDI	FR0000051393	IDIP	Euronext Paris	EUR	45.60	46.40	45.60	46.00	06/09/2022 11:30	CET	497	22858.40
IDS	FR0000079691	MLIDS	Euronext Access Paris	EUR	0.63	0.63	0.63	0.63	17/08/2022 16:30	CET	150	94.50
IDSUD	FR0000062184	ALIDS	Euronext Growth Paris	EUR	143.00	147.00	143.00	147.00	19/08/2022 15:57	CET	16	2344.00
IGIS NEPTUNE	ES0105551008	MLABC	Euronext Access Paris	EUR	11.43	11.43	11.43	11.43	31/08/2021 00:00	CET	-	-
IKONISYS	FR00140048X2	ALIKO	Euronext Growth Paris	EUR	1.99	1.99	1.99	1.99	06/09/2022 09:00	CET	1	1.99
ILBE	IT0005380602	ALIE	Euronext Growth Paris	EUR	1.58	1.58	1.58	1.58	06/09/2022 09:00	CET	1	1.58
IMALLIANCE	FR0010086371	MLIML	Euronext Access Paris	EUR	0.27	0.27	0.27	0.27	06/09/2022 11:55	CET	1038	280.26
IMERYS	FR0000120859	NK	Euronext Paris	EUR	28.26	28.70	28.24	28.44	06/09/2022 17:35	CET	66051	1879474.52
IMM.PARIS.PERLE	FR0006859039	MLIPP	Euronext Access Paris	EUR	45.00	45.00	45.00	45.00	08/06/2021 11:30	CET	12	540.00
IMMERSION	FR0013060100	ALIMR	Euronext Growth Paris	EUR	4.76	4.76	4.76	4.76	06/09/2022 16:30	CET	535	2546.60
IMMO BLOCKCHAIN	FR0013266772	ALIMB	Euronext Growth Paris	EUR	3.40	3.40	3.38	3.38	06/09/2022 17:23	CET	39574	134106.50
IMMOB.DASSAULT	FR0000033243	IMDA	Euronext Paris	EUR	59.00	59.40	58.20	58.20	06/09/2022 17:35	CET	166	9741.60
IMPLANET	FR0013470168	ALIMP	Euronext Growth Paris	EUR	0.185	0.1916	0.1804	0.1898	06/09/2022 17:16	CET	122997	22734.8088
IMPRIMERIE CHIRAT	FR0000065773	MLIMP	Euronext Access Paris	EUR	4.30	4.30	4.30	4.30	06/09/2022 11:30	CET	1	4.30
IMPULSE FITNESS	ES0105590006	MLIFS	Euronext Access Paris	EUR	13.20	13.20	13.20	13.20	08/08/2022 16:30	CET	3500	46200.00
INDLE FIN.ENTREPR.	FR0000066219	INFE	Euronext Paris	EUR	52.50	52.50	52.50	52.50	02/09/2022 16:30	CET	4	210.00
INFOCLIP	FR0011158823	MLIFC	Euronext Access Paris	EUR	2.00	2.00	2.00	2.00	23/08/2022 16:30	CET	520	1040.00
INFOTEL	FR0000071797	INF	Euronext Paris	EUR	49.90	49.90	49.60	49.80	06/09/2022 17:35	CET	1092	54281.10
INMARK	ES0105511002	MLINM	Euronext Access Paris	EUR	17.90	17.90	17.90	17.90	08/04/2021 00:00	CET	-	-
INMOSUPA	ES0105473005	MLISP	Euronext Access Paris	EUR	-	-	-	-	-	CET	-	-
INNATE PHARMA	FR0010331421	IPH	Euronext Paris	EUR	2.60	2.668	2.582	2.66	06/09/2022 17:35	CET	47106	122640.772
INNELEC MULTIMEDIA	FR0000064297	ALINN	Euronext Growth Paris	EUR	5.22	5.40	5.22	5.30	06/09/2022 16:58	CET	699	3720.84
INNOVATIVE RFK SPA	IT0005391161	MLIRF	Euronext Access Paris	EUR	1.75	1.75	1.75	1.75	01/06/2022 16:30	CET	571	999.25
INSTALLUX	FR0000060451	ALLUX	Euronext Growth Paris	EUR	372.00	372.00	372.00	372.00	06/09/2022 16:30	CET	1	372.00
INTEGRAGEN	FR0010908723	ALINT	Euronext Growth Paris	EUR	1.225	1.225	1.20	1.22	06/09/2022 17:35	CET	21322	25615.01
INTEGRITAS VIAGER	FR0014003FN0	MLVIE	Euronext Access Paris	EUR	120.00	120.00	120.00	120.00	18/05/2022 11:30	CET	2	240.00
INTERPARFUMS	FR0004024222	ITP	Euronext Paris	EUR	46.05	46.10	44.65	45.45	06/09/2022 17:38	CET	27425	1242409.70
INTEXA	FR0000064958	ITXT	Euronext Paris	EUR	3.00	3.00	3.00	3.00	25/08/2022 11:30	CET	45	135.00
INTRASENSE	FR0011179886	ALINS	Euronext Growth Paris	EUR	0.386	0.386	0.37	0.38	06/09/2022 17:28	CET	11743	4425.22
INVENTIVA	FR0013233012	IVA	Euronext Paris	EUR	4.38	4.415	4.36	4.41	06/09/2022 17:13	CET	3904	17127.51
INVIBES ADVERTSING	BE0974299316	ALINV	Euronext Growth Paris	EUR	14.85	14.85	13.40	13.75	06/09/2022 17:17	CET	9051	124374.50
IOC HOLDING	BE6200101556	MLIOC	Euronext Access Paris	EUR	0.50	0.50	0.50	0.50	29/06/2022 11:30	CET	160	80.00
IPOSA PROPERTIES	ES0105417002	MLIPO	Euronext Access Paris	EUR	-	-	-	-	-	CET	-	-
IPSEN	FR0010259150	IPN	Euronext Paris	EUR	97.50	99.65	97.45	99.25	06/09/2022 17:35	CET	78284	7750141.90
IPSOS	FR0000073298	IPS	Euronext Paris	EUR	45.40	46.05	45.25	45.70	06/09/2022 17:35	CET	30543	1394498.85
ISPD	ES0109429037	ALISP	Euronext Growth Paris	EUR	4.10	4.10	4.10	4.10	06/09/2022 09:00	CET	1	4.10
IT LINK	FR0000072597	ALITL	Euronext Growth Paris	EUR	25.60	26.00	25.50	26.00	06/09/2022 17:17	CET	2483	63782.50
ITALY INNOVAZIONI	IT0005336521	MLITN	Euronext Access Paris	EUR	10.20	10.20	10.20	10.20	22/07/2022 17:08	CET	50	510.00
ITESOFT	FR0004026151	ITE	Euronext Paris	EUR	3.93	3.93	3.93	3.93	06/09/2022 09:00	CET	2	7.86
JACQUES BOGART	FR0012872141	JBOG	Euronext Paris	EUR	10.40	10.40	10.40	10.40	06/09/2022 12:48	CET	325	3380.00
JACQUET METALS	FR0000033904	JCQ	Euronext Paris	EUR	15.66	15.66	15.40	15.40	06/09/2022 17:35	CET	10948	169285.84
JC DECAUX SA.	FR0000077919	DEC	Euronext Paris	EUR	13.36	13.48	13.11	13.20	06/09/2022 17:35	CET	261629	3461171.63
JSA TECHNOLOGY	FR0010680033	MLJSA	Euronext Access Paris	EUR	0.61	0.61	0.61	0.61	05/09/2022 11:30	CET	190	115.90
JUNGLE21	ES0105636007	MLJ21	Euronext Access Paris	EUR	3.14	3.14	3.14	3.14	03/03/2022 00:00	CET	-	-
KALRAY	FR0010722819	ALKAL	Euronext Growth Paris	EUR	20.40	21.05	20.10	20.70	06/09/2022 17:35	CET	8879	182245.60
KAUFMAN ET BROAD	FR0004007813	KOF	Euronext Paris	EUR	23.10	23.15	22.65	22.80	06/09/2022 17:35	CET	16737	381657.25
KERING	FR0000121485	KER	Euronext Paris	EUR	493.00	502.50	492.80	499.50	06/09/2022 17:38	CET	282426	141028954.65
KERLINK	FR0013156007	ALKLK	Euronext Growth Paris	EUR	3.60	3.64	3.555	3.57	06/09/2022 16:36	CET	6796	24542.70
KEYRUS	FR0004029411	ALKEY	Euronext Growth Paris	EUR	4.41	4.49	4.40	4.49	06/09/2022 17:35	CET	7700	34241.77
KKO INTERNATIONAL	FR0013374667	ALKKO	Euronext Growth Paris	EUR	0.138	0.141	0.138	0.14	06/09/2022 15:46	CET	2012	277.6815
KLARSEN	FR0011038348	ALKLA	Euronext Growth Paris	EUR	2.11	2.175	2.09	2.17	06/09/2022 17:35	CET	681	1431.905
KLEPIERRE	FR0000121964	LI	Euronext Paris	EUR	20.02	20.43	20.00	20.16	06/09/2022 17:35	CET	544401	10991411.60
KLIMVEST	GB00B19RTX44	ALSIM	Euronext Growth Paris	EUR	0.484	0.484	0.484	0.484	28/12/2021 11:30	CET	10785	5219.94
KOMPUESTOS	ES0105425005	ALKOM	Euronext Growth Paris	EUR	1.65	1.65	1.65	1.65	16/08/2022 11:13	CET	6	9.90
KORIAN	FR0010386334	KORI	Euronext Paris	EUR	12.60	12.81	12.49	12.62	06/09/2022 17:35	CET	95185	1202358.65
KUMULUS VAPE	FR0013419876	ALVAP	Euronext Growth Paris	EUR	9.46	9.50	9.44	9.44	06/09/2022 17:27	CET	41	388.26
KUMULUSBSA2020	FR0014001KF0	VAPBS	Euronext Growth Paris	EUR	-	-	-	-	-	CET	-	-
L'OREAL	FR0000120321	OR	Euronext Paris	EUR	341.45	346.10	339.55	343.65	06/09/2022 17:35	CET	225575	77440482.55
LA PERLA FASHION	NL0012191662	ALPER	Euronext Growth Paris	EUR	4.02	4.02	4.02	4.02	06/09/2022 09:00	CET	1	4.02
LACROIX GROUP	FR0000066607	LACR	Euronext Paris	EUR	31.30	31.30	30.30	30.70	06/09/2022 16:35	CET	302	9293.80
LAGARDERE SA	FR0000130213	MMB	Euronext Paris	EUR	16.34	16.70	15.70	15.76	06/09/2022 17:35	CET	46161	733228.29
LANSON-BCC	FR0004027068	ALLAN	Euronext Growth Paris	EUR	31.40	32.20	30.90	31.20	06/09/2022 17:35	CET	1161	36471.20
LARGO	FR0013308582	ALLGO	Euronext Growth Paris	EUR	7.40	7.40	7.20	7.38	06/09/2022 17:35	CET	2630	19254.35
LATECOERE	FR0000032278	LAT	Euronext Paris	EUR	0.435	0.4435	0.4305	0.431	06/09/2022 17:35	CET	141569	62313.4455
LAURENT-PERRIER	FR0006864484	LPE	Euronext Paris	EUR	103.00	103.00	102.50	103.00	06/09/2022 16:01	CET	15	1544.00
LDC	FR0013204336	LOUP	Euronext Paris	EUR	97.40	97.40	97.20	97.20	06/09/2022 17:35	CET	282	27451.40
LE TANNEUR	FR0000075673	ALTAN	Euronext Growth Paris	EUR	4.22	4.24	4.22	4.24	06/09/2022 14:00	CET	25	105.82
LEBON	FR0000121295	ALBON	Euronext Growth Paris	EUR	80.00	80.00	78.80	78.80	06/09/2022 09:55	CET	2165	170641.40
LECTRA	FR0000065484	LSS	Euronext Paris	EUR	31.65	32.50	31.65	32.15	06/09/2022 17:35	CET	11934	383761.25
LEGRAND	FR0010307819	LR	Euronext Paris	EUR	72.44	74.10	72.36	73.66	06/09/2022 17:35	CET	457532	33669720.40
LES AGENCES DE PAP	FR0014003I41	MLPAP	Euronext Access Paris	EUR	3.75	3.75	3.75	3.75	03/08/2022 11:30	CET	6800	25500.00
LES HOTELS BAVEREZ	FR0007080254	ALLHB	Euronext Growth Paris	EUR	60.00	60.00	60.00	60.00	06/09/2022 16:30	CET	130	7800.00
LEXIBOOK LINGUIST.	FR0000033599	ALLEX	Euronext Growth Paris	EUR	2.53	2.68	2.53	2.575	06/09/2022 17:19	CET	9349	24008.60
LHYFE	FR0014009YQ1	LHYFE	Euronext Paris	EUR	7.97	8.06	7.957	7.971	06/09/2022 17:35	CET	6207	49699.906
LINEDATA SERVICES	FR0004156297	LIN	Euronext Paris	EUR	35.00	36.40	34.80	36.40	06/09/2022 17:35	CET	878	31024.20
LISI	FR0000050353	FII	Euronext Paris	EUR	21.45	21.70	20.65	20.80	06/09/2022 17:35	CET	18283	383075.40
LLEIDA	ES0105089009	ALLLN	Euronext Growth Paris	EUR	2.205	2.225	2.205	2.225	06/09/2022 11:01	CET	801	1775.69
LNA SANTE	FR0004170017	LNA	Euronext Paris	EUR	29.30	29.60	29.20	29.30	06/09/2022 17:35	CET	2042	59931.95
LOCASYSTEM INTL	FR0004155208	MLLOI	Euronext Access Paris	EUR	19.00	19.00	18.90	18.90	06/09/2022 16:30	CET	26	492.50
LOGIC INSTRUMENT	FR0000044943	ALLOG	Euronext Growth Paris	EUR	0.315	0.315	0.315	0.315	06/09/2022 15:20	CET	1	0.315
LOGIS CONFORT	ES0105333001	MLLOG	Euronext Access Paris	EUR	-	-	-	-	-	CET	-	-
LOMBARD ET MEDOT	FR0006205019	MLCAC	Euronext Access Paris	EUR	14.00	14.00	14.00	14.00	02/09/2022 11:30	CET	60	840.00
LUCIBEL	FR0011884378	ALUCI	Euronext Growth Paris	EUR	0.992	0.992	0.904	0.958	06/09/2022 17:35	CET	33212	30624.362
LUMIBIRD	FR0000038242	LBIRD	Euronext Paris	EUR	19.60	19.72	19.50	19.72	06/09/2022 17:35	CET	217	4255.62
LVMH	FR0000121014	MC	Euronext Paris	EUR	633.20	642.20	629.10	638.10	06/09/2022 17:37	CET	270512	172214855.20
LYSOGENE	FR0013233475	LYS	Euronext Paris	EUR	0.634	0.659	0.634	0.657	06/09/2022 13:36	CET	14217	9172.379
M.R.M	FR00140085W6	MRM	Euronext Paris	EUR	26.00	26.00	26.00	26.00	06/09/2022 16:30	CET	261	6786.00
M2I	FR0013270626	ALMII	Euronext Growth Paris	EUR	4.29	4.29	4.29	4.29	06/09/2022 09:00	CET	1	4.29
MAAT PHARMA	FR0012634822	MAAT	Euronext Paris	EUR	9.80	9.80	9.80	9.80	06/09/2022 10:07	CET	16	156.80
MADE	FR0010328302	MLMAD	Euronext Access Paris	EUR	7.15	7.15	7.15	7.15	31/08/2022 11:30	CET	1	7.15
MAGILLEM	FR0010827741	MLMGL	Euronext Access Paris	EUR	19.50	19.50	19.50	19.50	11/04/2022 16:30	CET	2	39.00
MAIS.ANTOINE BAUD	FR0000061657	MLMAB	Euronext Access Paris	EUR	132.00	132.00	132.00	132.00	26/08/2022 11:30	CET	10	1320.00
MAISON CLIO BLUE	FR0011092089	MLCLI	Euronext Access Paris	EUR	1.98	1.98	1.98	1.98	14/04/2022 16:30	CET	36	71.28
MAISONS DU MONDE	FR0013153541	MDM	Euronext Paris	EUR	9.10	9.415	9.10	9.36	06/09/2022 17:35	CET	51077	477171.88
MAKHEIA GROUP	FR0000072993	ALMAK	Euronext Growth Paris	EUR	0.1152	0.1218	0.1126	0.119	06/09/2022 17:35	CET	179942	20804.29
MAKING SCIENCE	ES0105463006	ALMKS	Euronext Growth Paris	EUR	13.90	13.90	13.90	13.90	06/09/2022 11:30	CET	1	13.90
MALTERIES FCO-BEL.	FR0000030074	MALT	Euronext Paris	EUR	500.00	500.00	500.00	500.00	06/09/2022 11:30	CET	2	1000.00
MANITOU BF	FR0000038606	MTU	Euronext Paris	EUR	16.22	16.52	16.02	16.52	06/09/2022 17:35	CET	6230	101435.84
MANUTAN INTL	FR0000032302	MAN	Euronext Paris	EUR	67.40	68.20	67.20	67.20	06/09/2022 17:35	CET	184	12481.60
MAQ ADMON. URBANAS	ES0105447009	MLMAQ	Euronext Access Paris	EUR	8.30	8.30	8.30	8.30	27/01/2020 11:30	CET	1	8.30
MARE NOSTRUM	FR0013400835	ALMAR	Euronext Growth Paris	EUR	2.81	2.81	2.61	2.81	06/09/2022 12:56	CET	138	368.18
MAROC TELECOM	MA0000011488	IAM	Euronext Paris	EUR	11.15	11.15	11.15	11.15	06/09/2022 12:29	CET	50	557.50
MASTRAD	FR0004155687	ALMAS	Euronext Growth Paris	EUR	0.154	0.154	0.1312	0.142	06/09/2022 17:16	CET	114121	15802.6088
MASTRAD BS29	FR0013472446	MASBS	Euronext Growth Paris	EUR	-	-	-	-	-	CET	-	-
MAUNA KEA TECH	FR0010609263	MKEA	Euronext Paris	EUR	0.726	0.734	0.68	0.70	06/09/2022 17:35	CET	319180	226015.042
MAUREL ET PROM	FR0000051070	MAU	Euronext Paris	EUR	5.05	5.07	4.815	4.82	06/09/2022 17:37	CET	279720	1368324.95
MBWS	FR0000060873	MBWS	Euronext Paris	EUR	2.60	2.65	2.58	2.65	06/09/2022 17:35	CET	17690	46148.64
MBWS BSA 2022	FR0013404944	MBWBT	Euronext Paris	EUR	0.02	0.02	0.01	0.016	02/09/2022 16:27	CET	26225	394.70
MBWS BSAR 2023	FR0013066313	MBWSZ	Euronext Paris	EUR	0.0005	0.0005	0.0005	0.0005	23/05/2022 13:30	CET	1	0.00
MCPHY ENERGY	FR0011742329	MCPHY	Euronext Paris	EUR	11.41	11.56	11.03	11.10	06/09/2022 17:35	CET	77654	873876.805
MDV	FR0014006PT9	MLMDV	Euronext Access Paris	EUR	12.00	12.00	12.00	12.00	10/08/2022 14:27	CET	50	600.00
MEDESIS PHARMA	FR0010844464	ALMDP	Euronext Growth Paris	EUR	3.42	3.42	3.25	3.25	06/09/2022 15:50	CET	736	2452.205
MEDIA 6	FR0000064404	EDI	Euronext Paris	EUR	9.95	9.95	9.95	9.95	06/09/2022 12:01	CET	19	189.05
MEDIA LAB	IT0005324105	MLLAB	Euronext Access Paris	EUR	1.52	1.52	1.52	1.52	11/08/2022 16:30	CET	475	722.00
MEDIA MAKER	IT0005380438	ALKER	Euronext Growth Paris	EUR	1.59	1.59	1.50	1.50	31/08/2022 17:25	CET	2	3.09
MEDIANTECHNOLOGIES	FR0011049824	ALMDT	Euronext Growth Paris	EUR	10.18	10.36	10.16	10.36	06/09/2022 17:35	CET	2638	26957.00
MEDINCELL	FR0004065605	MEDCL	Euronext Paris	EUR	5.27	5.35	5.14	5.14	06/09/2022 17:35	CET	35380	187075.28
MEDIOCREDITO EUROP	IT0004844848	MLMCE	Euronext Access Paris	EUR	4.30	4.30	4.30	4.30	28/11/2012 10:24	CET	100	430.00
MEMSCAP REGPT	FR0010298620	MEMS	Euronext Paris	EUR	1.145	1.145	1.105	1.12	06/09/2022 15:25	CET	846	940.045
MERCIALYS	FR0010241638	MERY	Euronext Paris	EUR	7.87	8.005	7.87	8.005	06/09/2022 17:35	CET	173872	1383757.87
MERCK AND CO INC	US58933Y1055	MRK	Euronext Paris	EUR	87.00	87.00	87.00	87.00	05/09/2022 09:00	CET	58	5046.00
MERIDIA RE IV	ES0105559001	MLMIV	Euronext Access Paris	EUR	18.55	18.55	18.55	18.55	02/07/2021 00:00	CET	-	-
MERSEN	FR0000039620	MRN	Euronext Paris	EUR	28.20	28.85	28.20	28.65	06/09/2022 17:35	CET	14717	419972.05
METABOLIC EXPLORER	FR0004177046	METEX	Euronext Paris	EUR	2.16	2.246	2.10	2.12	06/09/2022 17:35	CET	125798	269054.01
METADVERTISE	FR0010812230	ALMTA	Euronext Growth Paris	EUR	0.421	0.4695	0.4205	0.4445	06/09/2022 17:26	CET	35504	15802.4405
METALLIANCE	FR0010492181	MLETA	Euronext Access Paris	EUR	12.00	12.00	12.00	12.00	06/09/2022 11:30	CET	1	12.00
METAVISIO	FR00140066X4	ALTHO	Euronext Growth Paris	EUR	6.30	6.90	6.25	6.65	06/09/2022 17:21	CET	10118	65641.55
METHANOR	FR0011217710	ALMET	Euronext Growth Paris	EUR	4.00	4.10	4.00	4.10	06/09/2022 17:22	CET	639	2577.97
METHORIOS CAPITAL	IT0004615396	ALMTH	Euronext Growth Paris	EUR	0.03	0.03	0.03	0.03	03/10/2016 09:00	CET	1	0.03
METRICS IN BALANCE	BE0974328602	MLMIB	Euronext Access Paris	EUR	0.30	0.30	0.30	0.30	30/08/2022 11:30	CET	506	151.80
METROPOLE TV	FR0000053225	MMT	Euronext Paris	EUR	12.06	12.18	12.00	12.07	06/09/2022 17:35	CET	23482	283476.53
MEXEDIA	IT0005450819	ALMEX	Euronext Growth Paris	EUR	43.80	43.80	43.80	43.80	16/08/2022 14:37	CET	1	43.80
MG INTERNATIONAL	FR0010204453	ALMGI	Euronext Growth Paris	EUR	8.04	8.04	8.04	8.04	06/09/2022 16:30	CET	513	4124.52
MGI DIGITAL GRAPHI	FR0010353888	ALMDG	Euronext Growth Paris	EUR	33.60	33.65	33.60	33.65	06/09/2022 17:35	CET	754	25360.10
MICHELIN	FR001400AJ45	ML	Euronext Paris	EUR	23.515	24.08	23.515	23.90	06/09/2022 17:35	CET	1264215	30200550.085
MICROPOLE	FR0000077570	ALMIC	Euronext Growth Paris	EUR	1.22	1.23	1.202	1.206	06/09/2022 15:02	CET	4722	5691.586
MICROSKIN	GB00BF553726	MLSKN	Euronext Access Paris	EUR	0.03	0.03	0.03	0.03	08/06/2017 15:00	CET	10000	300.00
MIGUET ET ASSOCIES	FR0010500363	MLNMA	Euronext Access Paris	EUR	1.15	1.15	1.15	1.15	29/08/2022 16:30	CET	10	11.50
MILIBOO	FR0013053535	ALMLB	Euronext Growth Paris	EUR	3.10	3.10	3.10	3.10	06/09/2022 17:29	CET	25	77.50
MINT	FR0004172450	ALBUD	Euronext Growth Paris	EUR	2.35	2.35	2.17	2.30	06/09/2022 17:35	CET	2276	5041.85
MLD	FR0013268067	MLAMY	Euronext Access Paris	EUR	3.60	3.60	3.60	3.60	19/01/2018 14:38	CET	6600	23760.00
MND	FR00140050Q2	ALMND	Euronext Growth Paris	EUR	3.115	3.19	3.11	3.19	06/09/2022 15:31	CET	2254	7026.95
MONCEY (FIN.) NOM.	FR0000076986	MONC	Euronext Paris	EUR	5700.00	5750.00	5700.00	5750.00	06/09/2022 12:27	CET	3	17150.00
MONTEA	BE0003853703	MONT	Euronext Brussels, Paris	EUR	87.90	88.80	87.20	88.20	06/09/2022 17:35	CET	11628	1024018.70
MOULINVEST	FR0011033083	ALMOU	Euronext Growth Paris	EUR	46.50	48.20	46.50	47.95	06/09/2022 17:35	CET	4383	208794.10
MR BRICOLAGE	FR0004034320	ALMRB	Euronext Growth Paris	EUR	9.40	9.52	9.40	9.40	06/09/2022 16:03	CET	651	6173.62
MUNIC	FR0013462231	ALMUN	Euronext Growth Paris	EUR	2.80	2.82	2.70	2.70	06/09/2022 16:53	CET	5110	14034.17
MYHOTELMATCH	FR0011277391	MHM	Euronext Paris	EUR	0.019	0.0192	0.0188	0.019	06/09/2022 17:13	CET	612760	11630.2402
NACON	FR0013482791	NACON	Euronext Paris	EUR	4.77	4.85	4.77	4.80	06/09/2022 17:35	CET	14041	67385.67
NAMR	FR0014003J32	ALNMR	Euronext Growth Paris	EUR	4.04	4.04	4.00	4.00	06/09/2022 12:12	CET	62	248.04
NANOBIOTIX	FR0011341205	NANO	Euronext Paris	EUR	3.80	3.90	3.76	3.81	06/09/2022 17:35	CET	55494	211959.23
NAVYA	FR0013018041	NAVYA	Euronext Paris	EUR	0.26	0.2748	0.255	0.2672	06/09/2022 17:35	CET	739923	194555.6774
NEOCOM MULTIMEDIA	FR0004157543	MLNEO	Euronext Access Paris	EUR	3.26	3.26	3.26	3.26	05/09/2022 16:30	CET	8	26.08
NEOEN	FR0011675362	NEOEN	Euronext Paris	EUR	40.56	41.49	40.07	40.14	06/09/2022 17:35	CET	92324	3745295.49
NEOLIFE	FR0011636083	ALNLF	Euronext Growth Paris	EUR	0.0946	0.096	0.0915	0.095	06/09/2022 17:35	CET	105668	9884.9011
NEOLIFE BS	FR0013282936	NLFBS	Euronext Growth Paris	EUR	0.0015	0.0015	0.0015	0.0015	06/09/2022 16:29	CET	70000	105.00
NEOVACS	FR00140077X1	ALNEV	Euronext Growth Paris	EUR	0.0854	0.0855	0.0781	0.084	06/09/2022 17:35	CET	805457	64880.7754
NETGEM	FR0004154060	ALNTG	Euronext Growth Paris	EUR	1.075	1.075	1.075	1.075	06/09/2022 10:37	CET	20400	21980.00
NEURONES	FR0004050250	NRO	Euronext Paris	EUR	36.60	37.00	36.60	36.95	06/09/2022 17:35	CET	24248	891799.05
NEXANS	FR0000044448	NEX	Euronext Paris	EUR	91.55	93.25	91.05	91.75	06/09/2022 17:35	CET	47565	4373152.50
NEXITY	FR0010112524	NXI	Euronext Paris	EUR	21.82	22.18	21.66	21.90	06/09/2022 17:35	CET	117294	2577095.34
NEXTEDIA	FR0004171346	ALNXT	Euronext Growth Paris	EUR	0.89	0.898	0.888	0.889	06/09/2022 16:09	CET	17767	15803.906
NEXTSTAGE	FR0012789386	NEXTS	Euronext Paris	EUR	106.00	106.00	105.00	106.00	05/09/2022 12:56	CET	218	23013.00
NFL BIOSCIENCES	FR0014003XT0	ALNFL	Euronext Growth Paris	EUR	2.12	2.18	1.925	1.925	06/09/2022 17:35	CET	138204	278296.09
NFTY	FR0010457531	ALNFT	Euronext Growth Paris	EUR	0.01	0.01	0.0078	0.0079	06/09/2022 17:13	CET	4114198	34598.3227
NHOA	FR0012650166	NHOA	Euronext Paris	EUR	11.76	12.30	11.70	11.94	06/09/2022 17:35	CET	789	9355.18
NICOX	FR0013018124	COX	Euronext Paris	EUR	1.90	1.906	1.84	1.84	06/09/2022 17:35	CET	20116	37469.21
NOKIA	FI0009000681	NOKIA	Euronext Paris	EUR	5.009	5.072	4.966	4.9835	06/09/2022 17:35	CET	169472	852396.4905
NOVACYT	FR0010397232	ALNOV	Euronext Growth Paris	EUR	1.095	1.11	1.07	1.0705	06/09/2022 17:35	CET	146040	158228.7305
NOVATECH IND.	FR0000185464	MLNOV	Euronext Access Paris	EUR	5.00	5.00	5.00	5.00	01/09/2022 11:30	CET	1	5.00
NR21	FR0014001PV6	NR21	Euronext Paris	EUR	167.00	175.00	167.00	175.00	06/09/2022 17:18	CET	2	342.00
NRJ GROUP	FR0000121691	NRG	Euronext Paris	EUR	6.34	6.34	6.28	6.30	06/09/2022 17:35	CET	1820	11521.72
NSC GROUPE	FR0000064529	ALNSC	Euronext Growth Paris	EUR	58.50	58.50	58.50	58.50	31/08/2022 11:30	CET	3	175.50
NSE	FR0004065639	ALNSE	Euronext Growth Paris	EUR	16.15	16.35	16.15	16.35	06/09/2022 11:51	CET	6	97.90
O SORBET D AMOUR	FR0013072741	MLOSA	Euronext Access Paris	EUR	2.20	2.20	2.20	2.20	30/08/2022 11:30	CET	1	2.20
OBER	FR0010330613	ALOBR	Euronext Growth Paris	EUR	8.30	8.30	8.25	8.25	06/09/2022 16:30	CET	7	57.85
OBIZ	FR0014003711	ALBIZ	Euronext Growth Paris	EUR	6.70	6.72	6.70	6.72	06/09/2022 12:09	CET	1717	11504.22
OCTOPUS BIOSAFETY	FR0013310281	MLOCT	Euronext Access Paris	EUR	0.50	0.50	0.50	0.50	06/09/2022 16:30	CET	788	394.00
OENEO	FR0000052680	SBT	Euronext Paris	EUR	15.65	15.65	15.35	15.50	06/09/2022 17:35	CET	3795	58742.75
OL GROUPE	FR0010428771	OLG	Euronext Paris	EUR	2.92	2.93	2.92	2.92	06/09/2022 17:07	CET	1237	3612.14
OMER-DECUGIS & CIE	FR0014003T71	ALODC	Euronext Growth Paris	EUR	6.76	6.76	6.74	6.74	06/09/2022 16:06	CET	136	916.66
ONCODESIGN	FR0011766229	ALONC	Euronext Growth Paris	EUR	14.22	14.28	14.22	14.28	06/09/2022 17:35	CET	984	14030.10
ONLINEFORMAPRO	FR0004174712	MLONL	Euronext Access Paris	EUR	2.50	2.50	2.50	2.50	30/08/2022 16:30	CET	9	22.50
ONXEO	FR0010095596	ALONX	Euronext Growth Paris	EUR	0.322	0.345	0.317	0.322	06/09/2022 17:35	CET	95094	31149.541
ORANGE	FR0000133308	ORA	Euronext Paris	EUR	10.12	10.224	10.096	10.194	06/09/2022 16:30	CET	3885233	39553557.40
ORAPI	FR0000075392	ORAP	Euronext Paris	EUR	4.78	4.78	4.745	4.745	06/09/2022 11:51	CET	1517	7215.095
ORAPI BSA	FR0013522216	ORAPB	Euronext Paris	EUR	0.316	0.348	0.316	0.338	24/08/2022 14:12	CET	11970	3786.44
ORBIS PROPERTIES	ES0105490009	MLORB	Euronext Access Paris	EUR	-	-	-	-	-	CET	-	-
ORDISSIMO	FR0013318052	ALORD	Euronext Growth Paris	EUR	1.635	1.635	1.55	1.635	06/09/2022 16:50	CET	47	75.57
OREGE	FR0010609206	OREGE	Euronext Paris	EUR	0.814	0.82	0.814	0.814	06/09/2022 13:27	CET	4950	4044.70
ORINOQUIA	ES0105534004	MLORQ	Euronext Access Paris	EUR	1.20	1.20	1.20	1.20	12/08/2022 11:30	CET	4400	5280.00
ORPEA	FR0000184798	ORP	Euronext Paris	EUR	21.19	21.53	20.80	21.07	06/09/2022 17:35	CET	200797	4234523.53
OSE IMMUNO	FR0012127173	OSE	Euronext Paris	EUR	7.31	7.52	7.31	7.37	06/09/2022 17:35	CET	19219	142583.965
OSMOZIS	FR0013231180	ALOSM	Euronext Growth Paris	EUR	9.10	9.38	9.02	9.04	06/09/2022 17:18	CET	583	5368.58
OVH	FR0014005HJ9	OVH	Euronext Paris	EUR	12.245	12.48	12.10	12.195	06/09/2022 17:35	CET	28246	346037.195
PACTE NOVATION	FR0000077992	MLPAC	Euronext Access Paris	EUR	11.70	11.70	11.70	11.70	02/08/2022 11:30	CET	99	1158.30
PARAGON ID	FR0013318813	PID	Euronext Paris	EUR	24.60	24.90	24.60	24.90	06/09/2022 10:42	CET	11	273.60
PAREF	FR0010263202	PAR	Euronext Paris	EUR	61.50	62.50	61.00	61.00	06/09/2022 17:19	CET	117	7235.50
PARROT	FR0004038263	PARRO	Euronext Paris	EUR	4.18	4.20	4.00	4.08	06/09/2022 17:35	CET	14792	60043.90
PARROT BSA 1	FR0013054269	PABSA	Euronext Paris	EUR	0.002	0.002	0.002	0.002	05/09/2022 12:23	CET	141	0.28
PARROT BSA 2	FR0013054335	PABSB	Euronext Paris	EUR	0.001	0.001	0.001	0.001	05/09/2022 12:23	CET	10	0.01
PART.INDLES MINI.	FR0006823092	MLHOP	Euronext Access Paris	EUR	10.00	10.00	10.00	10.00	06/09/2022 16:30	CET	1	10.00
PARX MATERIALS NV	NL0012650535	MLPRX	Euronext Access Paris	EUR	0.70	0.70	0.70	0.70	06/09/2022 11:30	CET	200	140.00
PASSAT	FR0000038465	PSAT	Euronext Paris	EUR	4.44	4.44	4.44	4.44	05/09/2022 09:00	CET	5	22.20
PATRIMOINE ET COMM	FR0011027135	PAT	Euronext Paris	EUR	16.95	16.95	16.95	16.95	06/09/2022 09:00	CET	1	16.95
PAULIC MEUNERIE	FR0013479730	ALPAU	Euronext Growth Paris	EUR	2.84	2.84	2.735	2.835	06/09/2022 16:12	CET	420	1184.175
PCAS	FR0000053514	PCA	Euronext Paris	EUR	7.84	7.84	7.84	7.84	06/09/2022 10:09	CET	10	78.40
PERNOD RICARD	FR0000120693	RI	Euronext Paris	EUR	184.50	187.10	183.50	185.65	06/09/2022 17:35	CET	285748	53056912.60
PERRIER (GERARD)	FR0000061459	PERR	Euronext Paris	EUR	94.00	94.00	93.00	93.00	06/09/2022 17:35	CET	85	7935.60
PERSEIDA RENTA	ES0105612008	MLPER	Euronext Access Paris	EUR	0.71	0.71	0.71	0.71	09/06/2022 16:30	CET	500	355.00
PEUGEOT INVEST	FR0000064784	PEUG	Euronext Paris	EUR	86.00	87.10	84.80	85.50	06/09/2022 17:35	CET	4385	375198.60
PHARMASIMPLE	BE0974302342	ALPHS	Euronext Growth Paris	EUR	0.0022	0.0023	0.0021	0.0023	06/09/2022 17:24	CET	5986807	13277.3509
PHARNEXT	FR0011191287	ALPHA	Euronext Growth Paris	EUR	0.0008	0.0009	0.0007	0.0008	06/09/2022 17:35	CET	195743570	150373.8332
PHERECYDES PHARMA	FR0011651694	ALPHE	Euronext Growth Paris	EUR	2.49	2.49	2.40	2.49	06/09/2022 14:51	CET	1026	2533.155
PHONE WEB	FR0000185480	MLPHW	Euronext Access Paris	EUR	0.95	0.95	0.95	0.95	06/09/2022 11:30	CET	2000	1900.00
PHOTONIKE CAPITAL	BE0948608451	MLPHO	Euronext Access Paris	EUR	1.20	1.20	1.20	1.20	05/09/2022 17:18	CET	9009	10810.80
PIERRE VACANCES	FR0000073041	VAC	Euronext Paris	EUR	1.70	1.73	1.59	1.608	06/09/2022 16:59	CET	28533	46142.528
PIERRE VACANCES DS	FR001400B4D8	VACDS	Euronext Paris	EUR	0.83	0.8769	0.76	0.82	06/09/2022 17:35	CET	98570	79462.2291
PISCINES DESJOYAUX	FR0000061608	ALPDX	Euronext Growth Paris	EUR	17.14	17.22	17.10	17.22	06/09/2022 17:29	CET	2098	35954.00
PIXIUM VISION	FR0011950641	ALPIX	Euronext Growth Paris	EUR	0.2122	0.2136	0.20	0.2114	06/09/2022 16:36	CET	177975	36276.2322
PLACOPLATRE	FR0000030769	MLPLC	Euronext Access Paris	EUR	540.00	540.00	540.00	540.00	26/08/2022 11:30	CET	7	3780.00
PLANT ADVANCED	FR0010785790	ALPAT	Euronext Growth Paris	EUR	17.20	17.20	17.20	17.20	06/09/2022 09:00	CET	1	17.20
PLANT ADVANCED BS	FR0011844067	PATBS	Euronext Growth Paris	EUR	0.03	0.03	0.03	0.03	01/07/2022 11:06	CET	133	3.99
PLAST.VAL LOIRE	FR0013252186	PVL	Euronext Paris	EUR	4.43	4.43	4.33	4.33	06/09/2022 17:35	CET	5042	22120.265
PLASTIC OMNIUM	FR0000124570	POM	Euronext Paris	EUR	17.60	18.00	17.59	17.65	06/09/2022 17:35	CET	121687	2155760.04
POUJOULAT	FR0000066441	ALPJT	Euronext Growth Paris	EUR	93.50	97.00	93.50	96.00	06/09/2022 16:52	CET	204	19550.00
POULAILLON	FR0013015583	ALPOU	Euronext Growth Paris	EUR	4.50	4.56	4.41	4.56	05/09/2022 12:34	CET	936	4184.60
POXEL	FR0012432516	POXEL	Euronext Paris	EUR	2.035	2.165	2.035	2.165	06/09/2022 17:35	CET	66414	139271.415
PRECIA	FR0014004EC4	PREC	Euronext Paris	EUR	31.00	31.10	31.00	31.00	05/09/2022 11:51	CET	472	14641.20
PREDILIFE	FR0010169920	ALPRE	Euronext Growth Paris	EUR	6.22	6.26	6.00	6.26	06/09/2022 15:00	CET	117	727.16
PRISMAFLEX INTL	FR0004044600	ALPRI	Euronext Growth Paris	EUR	8.50	8.65	8.50	8.65	06/09/2022 10:25	CET	147	1254.25
PROACTIS SA	FR0004052561	PROAC	Euronext Paris	EUR	0.132	0.132	0.132	0.132	02/09/2022 15:55	CET	4000	528.00
PRODWARE	FR0010313486	ALPRO	Euronext Growth Paris	EUR	7.14	7.48	7.14	7.48	02/09/2022 17:15	CET	400	2856.70
PRODWAYS	FR0012613610	PWG	Euronext Paris	EUR	3.095	3.105	3.065	3.08	06/09/2022 17:35	CET	19939	61697.815
PROLOGUE	FR0010380626	ALPRG	Euronext Growth Paris	EUR	0.28	0.28	0.273	0.28	06/09/2022 17:29	CET	30762	8528.016
PROLOGUE BSA	FR0013398617	PROBT	Euronext Growth Paris	EUR	0.007	0.007	0.007	0.007	31/08/2022 15:47	CET	7900	55.30
PROP.IMMEUBLES	FR0000061376	MLPRI	Euronext Access Paris	EUR	19.00	19.00	19.00	19.00	06/09/2022 16:30	CET	5078	96482.00
PROVENTURE GOLD	CA74375L1058	MLPRO	Euronext Access Paris	EUR	3.00	3.00	3.00	3.00	28/05/2019 11:30	CET	13250	39750.00
PUBLICIS BSA	FR0000312928	PUBBS	Euronext Paris	EUR	27.40	27.60	27.40	27.60	06/09/2022 15:22	CET	217	5965.80
PUBLICIS GROUPE SA	FR0000130577	PUB	Euronext Paris	EUR	48.74	50.08	48.66	49.74	06/09/2022 17:35	CET	473133	23475445.83
QUADIENT	FR0000120560	QDT	Euronext Paris	EUR	16.76	16.88	16.67	16.73	06/09/2022 17:35	CET	11991	201076.23
QUADPACK	ES0105118006	ALQP	Euronext Growth Paris	EUR	23.20	23.20	22.80	22.80	06/09/2022 10:52	CET	150	3430.40
QUANTUM GENOMICS	FR0011648971	ALQGC	Euronext Growth Paris	EUR	2.74	2.92	2.728	2.80	06/09/2022 17:37	CET	138387	389642.386
QWAMPLIFY	FR0010889386	ALQWA	Euronext Growth Paris	EUR	6.14	6.14	6.14	6.14	06/09/2022 09:00	CET	1	6.14
QWAMPLIFY BSAANE	FR0013472677	QWABS	Euronext Growth Paris	EUR	-	-	-	-	-	CET	-	-
RALLYE	FR0000060618	RAL	Euronext Paris	EUR	3.19	3.19	3.08	3.10	06/09/2022 17:35	CET	4116	12862.85
RAMSAY GEN SANTE	FR0000044471	GDS	Euronext Paris	EUR	22.80	22.90	22.10	22.90	06/09/2022 17:35	CET	1823	40991.20
RAPID NUTRITION	GB00BLG2TX24	ALRPD	Euronext Growth Paris	EUR	0.0175	0.0185	0.014	0.0145	06/09/2022 17:38	CET	20886457	331577.8875
RAPIDO PRET	FR0012395457	ML350	Euronext Access Paris	EUR	0.25	0.25	0.25	0.25	29/06/2022 16:30	CET	100	25.00
REALITES	FR0011858190	ALREA	Euronext Growth Paris	EUR	30.80	31.10	30.70	31.10	06/09/2022 17:20	CET	652	20173.60
RECYLEX S.A.	FR0000120388	RX	Euronext Paris	EUR	1.842	1.868	1.816	1.848	13/05/2020 17:20	CET	7005	12873.942
REMY COINTREAU	FR0000130395	RCO	Euronext Paris	EUR	171.90	176.80	171.50	175.70	06/09/2022 17:35	CET	83702	14638887.00
RENAULT	FR0000131906	RNO	Euronext Paris	EUR	27.855	28.47	27.79	28.335	06/09/2022 17:35	CET	849986	24035483.00
RES GESTAE SOCIMI	ES0105550000	MLJDL	Euronext Access Paris	EUR	7.00	7.00	7.00	7.00	29/06/2021 00:00	CET	-	-
REVIVAL EXPANSION	FR0000077232	MLREX	Euronext Access Paris	EUR	9.94	9.94	9.94	9.94	27/12/2016 15:00	CET	3	29.82
REWORLD MEDIA	FR0010820274	ALREW	Euronext Growth Paris	EUR	6.28	6.32	6.19	6.23	06/09/2022 17:35	CET	14001	87554.52
REXEL	FR0010451203	RXL	Euronext Paris	EUR	15.85	16.245	15.775	16.03	06/09/2022 17:35	CET	833707	13334689.585
RIBER	FR0000075954	ALRIB	Euronext Growth Paris	EUR	1.75	1.76	1.74	1.74	06/09/2022 16:44	CET	2560	4469.092
ROBERTET	FR0000039091	RBT	Euronext Paris	EUR	881.00	881.00	875.00	880.00	06/09/2022 17:35	CET	616	542605.00
ROBERTET CDV 87	FR0000045619	CBR	Euronext Paris	EUR	213.00	213.00	213.00	213.00	14/06/2022 16:30	CET	1	213.00
ROBERTET CI	FR0000045601	CBE	Euronext Paris	EUR	809.00	809.00	809.00	809.00	05/09/2022 11:30	CET	5	4045.00
ROCHE BOBOIS	FR0013344173	RBO	Euronext Paris	EUR	33.70	34.20	33.70	34.20	06/09/2022 15:55	CET	564	19035.40
ROCTOOL	FR0010523167	ALROC	Euronext Growth Paris	EUR	3.70	3.82	3.64	3.82	06/09/2022 14:56	CET	3571	13291.59
ROCTOOL BSA 2020-2	FR0013477593	ROCBT	Euronext Growth Paris	EUR	0.0015	0.0015	0.0015	0.0015	06/09/2022 11:25	CET	125	0.1875
ROTHSCHILD & CO	FR0000031684	ROTH	Euronext Paris	EUR	34.70	35.15	34.20	34.50	06/09/2022 17:39	CET	25715	888810.80
ROUGIER S.A.	FR0000037640	ALRGR	Euronext Growth Paris	EUR	17.40	17.60	17.40	17.60	26/02/2018 13:46	CET	162	2843.60
ROUSSELET CENTRIF.	FR0000035750	MLROU	Euronext Access Paris	EUR	41.80	41.80	41.80	41.80	26/05/2022 11:30	CET	3	125.40
RUBIS	FR0013269123	RUI	Euronext Paris	EUR	23.69	23.80	23.40	23.45	06/09/2022 17:35	CET	174035	4086776.30
S.E.B.	FR0000121709	SK	Euronext Paris	EUR	71.10	71.95	70.40	70.55	06/09/2022 17:35	CET	47250	3345052.85
SAFE	FR0013467123	ALSAF	Euronext Growth Paris	EUR	0.0105	0.0105	0.01	0.0101	06/09/2022 17:27	CET	3812508	38695.8063
SAFRAN	FR0000073272	SAF	Euronext Paris	EUR	100.32	101.62	100.22	101.14	06/09/2022 17:35	CET	466291	47081700.24
SAGAX REAL ESTATE	ES0105651006	MLSAG	Euronext Access Paris	EUR	1.1385	1.1385	1.1385	1.1385	14/06/2022 00:00	CET	-	-
SAINT GOBAIN	FR0000125007	SGO	Euronext Paris, Amsterdam, Brussels	EUR	39.11	40.55	39.06	39.975	06/09/2022 17:35	CET	1174607	46938050.475
SAINT JEAN GROUPE	FR0000060121	SABE	Euronext Paris	EUR	20.60	20.60	20.60	20.60	05/09/2022 11:30	CET	27	556.20
SAMSE	FR0000060071	SAMS	Euronext Paris	EUR	172.00	172.00	168.00	170.00	06/09/2022 17:20	CET	538	91221.00
SANOFI	FR0000120578	SAN	Euronext Paris	EUR	80.51	81.02	80.01	80.55	06/09/2022 17:38	CET	1280098	103075848.64
SAPMER	FR0010776617	ALMER	Euronext Growth Paris	EUR	9.00	9.60	9.00	9.60	30/08/2022 16:30	CET	1347	12123.60
SARTORIUS STED BIO	FR0013154002	DIM	Euronext Paris	EUR	367.30	375.20	365.00	371.30	06/09/2022 17:35	CET	29960	11112573.30
SAVENCIA	FR0000120107	SAVE	Euronext Paris	EUR	57.00	60.50	56.90	58.00	06/09/2022 17:35	CET	1406	82053.20
SAVONNERIE NYONS	FR0013155975	MLSDN	Euronext Access Paris	EUR	39.00	39.00	39.00	39.00	06/09/2022 11:30	CET	30	1170.00
SBT	FR0004175222	MLSBT	Euronext Access Paris	EUR	5.30	5.30	5.30	5.30	02/09/2022 11:38	CET	2258	11967.40
SCANDINAVIAN HOUSE	CH0220529603	MLSHD	Euronext Access Paris	EUR	17.51	17.51	17.51	17.51	13/05/2016 15:00	CET	500	8755.00
SCBSM	FR0006239109	CBSM	Euronext Paris	EUR	9.00	9.05	8.90	9.05	06/09/2022 17:07	CET	83	748.85
SCEMI	FR0010972091	MLCMI	Euronext Access Paris	EUR	4.98	4.98	4.98	4.98	10/08/2022 16:30	CET	2	9.96
SCHLUMBERGER	AN8068571086	SLB	Euronext Paris	EUR	38.85	38.90	37.75	38.00	06/09/2022 17:38	CET	13097	501803.25
SCHNEIDER ELECTRIC	FR0000121972	SU	Euronext Paris	EUR	118.06	120.22	117.84	118.58	06/09/2022 17:35	CET	884537	105100864.04
SCHOBRUNN PARIS	FR0010961920	MLSCH	Euronext Access Paris	EUR	24.80	24.80	24.80	24.80	08/02/2022 11:30	CET	13	322.40
SCIENTIA SCHOOL	ES0105592002	MLSCI	Euronext Access Paris	EUR	5.50	5.50	5.50	5.50	08/08/2022 16:30	CET	3000	16500.00
SCOR SE	FR0010411983	SCR	Euronext Paris	EUR	16.955	17.115	16.785	17.045	06/09/2022 17:35	CET	263288	4478584.61
SECHE ENVIRONNEM.	FR0000039109	SCHP	Euronext Paris	EUR	78.30	79.00	77.80	78.30	06/09/2022 17:35	CET	2191	171789.20
SEGRO PLC	GB00B5ZN1N88	SGRO	Euronext Paris	EUR	11.30	11.30	11.30	11.30	07/04/2021 13:45	CET	500	5650.00
SEIF SPA	IT0005353484	ALSEI	Euronext Growth Paris	EUR	0.396	0.396	0.39	0.39	06/09/2022 16:26	CET	2001	786.896
SELCODIS	FR0000065492	SLCO	Euronext Paris	EUR	0.29	0.29	0.29	0.29	25/03/2009 00:00	CET	2074	601.00
SELECTIRENTE	FR0004175842	SELER	Euronext Paris	EUR	94.50	94.50	94.50	94.50	06/09/2022 16:30	CET	26	2457.00
SEMPLICEMENTE SpA	IT0005072811	MLSMP	Euronext Access Paris	EUR	0.81	0.81	0.81	0.81	05/08/2016 15:00	CET	100	81.00
SENSORION	FR0012596468	ALSEN	Euronext Growth Paris	EUR	0.466	0.469	0.4545	0.469	06/09/2022 16:59	CET	4769	2221.2335
SEQUA PETROLEUM NV	NL0010623518	MLSEQ	Euronext Access Paris	EUR	0.012	0.012	0.01	0.01	06/09/2022 16:30	CET	14713	147.156
SERGEFERRARI GROUP	FR0011950682	SEFER	Euronext Paris	EUR	12.80	12.82	12.20	12.30	06/09/2022 17:35	CET	23431	289790.82
SERMA GROUP	FR0000073728	ALSER	Euronext Growth Paris	EUR	312.00	312.00	312.00	312.00	26/07/2022 11:30	CET	14	4368.00
SES	LU0088087324	SESG	Euronext Paris	EUR	6.76	6.784	6.59	6.678	06/09/2022 17:35	CET	683965	4566059.74
SES IMAGOTAG	FR0010282822	SESL	Euronext Paris	EUR	104.00	107.00	103.00	105.40	06/09/2022 17:35	CET	10238	1077448.40
SHOWROOMPRIVE	FR0013006558	SRP	Euronext Paris	EUR	1.13	1.139	1.052	1.095	06/09/2022 17:35	CET	165249	180635.97
SIDETRADE	FR0010202606	ALBFR	Euronext Growth Paris	EUR	129.00	129.00	126.50	126.50	06/09/2022 17:27	CET	194	24732.00
SIGNAUX GIROD	FR0000060790	ALGIR	Euronext Growth Paris	EUR	12.85	12.85	12.85	12.85	06/09/2022 10:27	CET	16	205.60
SII	FR0000074122	SII	Euronext Paris	EUR	47.50	48.15	47.05	47.85	06/09/2022 17:35	CET	3918	186456.85
SILC	FR0010679365	MLSIL	Euronext Access Paris	EUR	0.416	0.416	0.416	0.416	22/03/2021 16:30	CET	150	62.40
SIMAT	CI0000000832	MLMAT	Euronext Access Paris	EUR	2.20	2.20	2.20	2.20	13/11/2019 11:30	CET	10	22.00
SMAIO	FR0014005I80	ALSMA	Euronext Growth Paris	EUR	3.87	3.87	3.87	3.87	06/09/2022 16:08	CET	39	150.93
SMALTO	FR0011131788	MLSML	Euronext Access Paris	EUR	0.0135	0.017	0.0135	0.017	06/09/2022 16:30	CET	10120	137.04
SMALTO BSA	FR0010649228	SMLBS	Euronext Access Paris	EUR	0.04	0.04	0.04	0.04	27/12/2016 15:30	CET	115298	4611.92
SMART GOOD THINGS	FR001400CDB7	MLSGT	Euronext Access Paris	EUR	95.76	95.76	95.76	95.76	02/09/2022 00:00	CET	-	-
SMCP	FR0013214145	SMCP	Euronext Paris	EUR	5.205	5.27	5.145	5.20	06/09/2022 17:35	CET	68598	357494.325
SMTPC	FR0004016699	SMTPC	Euronext Paris	EUR	28.00	28.20	28.00	28.00	06/09/2022 17:35	CET	382	10748.00
SOC FRANC CASINOS	FR0010209809	SFCA	Euronext Paris	EUR	1.83	1.83	1.83	1.83	06/09/2022 16:30	CET	1	1.83
SOCIETE GENERALE	FR0000130809	GLE	Euronext Paris	EUR	22.635	22.965	22.385	22.66	06/09/2022 17:38	CET	2280579	51688290.285
SODEXO	FR0000121220	SW	Euronext Paris	EUR	77.54	78.16	77.40	77.90	06/09/2022 17:36	CET	164717	12822505.34
SODITECH	FR0000078321	SEC	Euronext Paris	EUR	1.60	1.60	1.36	1.36	06/09/2022 17:22	CET	909	1380.48
SOGECLAIR	FR0000065864	SOG	Euronext Paris	EUR	21.50	21.50	21.50	21.50	06/09/2022 09:54	CET	98	2107.00
SOITEC	FR0013227113	SOI	Euronext Paris	EUR	137.05	138.65	133.90	135.90	06/09/2022 17:35	CET	51932	7060234.15
SOLOCAL GROUP	FR00140006O9	LOCAL	Euronext Paris	EUR	0.99	1.002	0.988	1.002	06/09/2022 17:35	CET	33209	33028.646
SOLUTIONS 30 SE	FR0013379484	S30	Euronext Paris	EUR	2.906	2.96	2.833	2.874	06/09/2022 17:35	CET	369116	1063901.596
SOLVAY	BE0003470755	SOLB	Euronext Brussels, Paris	EUR	79.24	80.90	78.84	79.76	06/09/2022 17:35	CET	127076	10135044.26
SOMFY SA	FR0013199916	SO	Euronext Paris	EUR	106.60	107.60	105.80	107.00	06/09/2022 17:35	CET	4668	497669.60
SOPRA STERIA GROUP	FR0000050809	SOP	Euronext Paris	EUR	138.90	140.10	137.90	139.50	06/09/2022 17:35	CET	17104	2381645.90
SPARTOO	FR00140043Y1	ALSPT	Euronext Growth Paris	EUR	1.44	1.44	1.42	1.42	06/09/2022 15:51	CET	2501	3551.44
SPEED RABBIT PIZZA	FR0000054371	MLSRP	Euronext Access Paris	EUR	8.60	8.60	8.60	8.60	31/08/2022 11:49	CET	465	3999.00
SPIE	FR0012757854	SPIE	Euronext Paris	EUR	21.58	21.80	21.30	21.52	06/09/2022 17:35	CET	140341	3019277.82
SPINEGUARD	FR0011464452	ALSGD	Euronext Growth Paris	EUR	0.6175	0.624	0.60	0.62	06/09/2022 17:35	CET	179963	109623.256
SPINEGUARD BS	FR0014003UB4	SGDBS	Euronext Growth Paris	EUR	0.0058	0.0058	0.0058	0.0058	06/09/2022 09:00	CET	400	2.32
SPINEWAY	FR0011398874	ALSPW	Euronext Growth Paris	EUR	0.0001	0.0002	0.0001	0.0001	06/09/2022 17:35	CET	339793174	34079.3174
SQLI	FR0011289040	SQI	Euronext Paris	EUR	36.70	37.30	36.70	37.00	06/09/2022 17:35	CET	598	22169.20
ST DUPONT	FR0000054199	DPT	Euronext Paris	EUR	0.137	0.139	0.137	0.139	06/09/2022 13:43	CET	20146	2789.133
STEF	FR0000064271	STF	Euronext Paris	EUR	85.00	86.50	84.10	84.60	06/09/2022 17:35	CET	4429	376905.30
STELLANTIS NV	NL00150001Q9	STLA	Euronext Paris	EUR	12.874	13.05	12.78	12.996	06/09/2022 17:35	CET	3495150	45241012.90
STMICROELECTRONICS	NL0000226223	STM	Euronext Paris	EUR	34.755	35.135	34.37	34.92	06/09/2022 17:37	CET	1333922	46505143.385
STRADIM ESPAC.FIN	FR0000074775	ALSAS	Euronext Growth Paris	EUR	7.25	7.25	6.80	6.80	05/09/2022 16:30	CET	900	6155.10
STREAMWIDE	FR0010528059	ALSTW	Euronext Growth Paris	EUR	18.60	18.60	18.60	18.60	06/09/2022 09:00	CET	6	111.60
STREIT MECANIQUE	FR0000063976	MLSTR	Euronext Access Paris	EUR	4.86	4.86	4.86	4.86	27/04/2022 16:30	CET	11	53.46
SUMO RESOURCES PLC	GB00B8GJBS16	MLSUM	Euronext Access Paris	EUR	0.0185	0.0185	0.0185	0.0185	01/09/2022 11:30	CET	4000	74.00
SWORD GROUP	FR0004180578	SWP	Euronext Paris	EUR	39.40	39.40	38.95	39.40	06/09/2022 17:35	CET	1232	48232.55
SYNERGIE	FR0000032658	SDG	Euronext Paris	EUR	25.10	25.40	25.05	25.40	06/09/2022 17:35	CET	2253	56798.45
TARGETSPOT	BE0974334667	ALTGS	Euronext Growth Paris, Brussels	EUR	0.972	1.00	0.972	1.00	06/09/2022 14:11	CET	921	917.108
TARKETT	FR0004188670	TKTT	Euronext Paris	EUR	12.58	12.72	12.58	12.72	06/09/2022 17:35	CET	17	214.26
TAYNINH	FR0000063307	TAYN	Euronext Paris	EUR	1.30	1.30	1.30	1.30	25/05/2022 16:30	CET	250	325.00
TEAM	FR0000033466	MLTEA	Euronext Access Paris	EUR	398.00	398.00	398.00	398.00	09/06/2022 11:30	CET	1	398.00
TECH BSA 2024	FR0013526225	TECBS	Euronext Paris	EUR	0.165	0.1765	0.165	0.1765	06/09/2022 17:35	CET	5221	883.8795
TECHNICOLOR	FR0013505062	TCH	Euronext Paris	EUR	3.002	3.032	2.96	2.96	06/09/2022 17:35	CET	27416	82099.594
TECHNIP ENERGIES	NL0014559478	TE	Euronext Paris	EUR	12.56	12.66	12.395	12.405	06/09/2022 17:35	CET	251700	3138650.18
TELEPERFORMANCE	FR0000051807	TEP	Euronext Paris	EUR	286.00	288.40	284.60	287.80	06/09/2022 17:37	CET	96503	27706495.40
TELEVERBIER	CH0008175645	TVRB	Euronext Paris	EUR	42.00	44.00	42.00	44.00	02/09/2022 16:30	CET	250	10600.00
TELEVISTA	FR0011076595	MLVST	Euronext Access Paris	EUR	2.92	2.92	2.92	2.92	17/08/2022 11:30	CET	400	1168.00
TERACT	FR001400BMH7	TRACT	Euronext Paris	EUR	6.89	6.90	6.85	6.85	06/09/2022 17:35	CET	1900	13065.963
TERACT BS	FR0014000TB2	TERBS	Euronext Paris	EUR	0.105	0.105	0.105	0.105	24/08/2022 15:35	CET	20000	2100.00
TF1	FR0000054900	TFI	Euronext Paris	EUR	6.21	6.225	6.11	6.19	06/09/2022 17:35	CET	238154	1473829.19
TFF GROUP	FR0013295789	TFF	Euronext Paris	EUR	33.90	33.90	33.80	33.90	06/09/2022 17:35	CET	285	9654.10
THALES	FR0000121329	HO	Euronext Paris	EUR	122.85	123.30	121.65	123.00	06/09/2022 17:35	CET	165967	20393043.15
THE BLOCKCHAIN GP	FR0011053636	ALTBG	Euronext Growth Paris	EUR	0.735	0.735	0.7225	0.735	06/09/2022 17:35	CET	57953	42290.236
THEBLOCKCHAINGRBS	FR00140065G1	TBGBS	Euronext Growth Paris	EUR	0.0064	0.009	0.0064	0.009	06/09/2022 17:08	CET	2973	24.2272
THERACLION	FR0010120402	ALTHE	Euronext Growth Paris	EUR	1.16	1.16	1.13	1.16	06/09/2022 14:03	CET	94	109.01
THERADIAG	FR0004197747	ALTER	Euronext Growth Paris	EUR	1.498	1.51	1.474	1.492	06/09/2022 17:35	CET	14563	21763.79
THERANEXUS	FR0013286259	ALTHX	Euronext Growth Paris	EUR	1.806	1.846	1.76	1.84	06/09/2022 17:26	CET	5652	10186.178
THERAVET	BE0974387194	ALVET	Euronext Growth Paris, Brussels	EUR	4.13	4.13	3.92	4.09	06/09/2022 17:29	CET	526	2096.09
THERMADOR GROUPE	FR0013333432	THEP	Euronext Paris	EUR	74.00	75.50	74.00	75.50	06/09/2022 17:35	CET	1718	128593.60
TIKEHAU CAPITAL	FR0013230612	TKO	Euronext Paris	EUR	24.50	25.00	24.45	24.55	06/09/2022 17:37	CET	19489	480645.35
TIPIAK	FR0000066482	TIPI	Euronext Paris	EUR	64.50	64.50	64.50	64.50	06/09/2022 11:30	CET	1	64.50
TITAN CEMENT	BE0974338700	TITC	Euronext Brussels, Paris	EUR	11.46	11.56	11.32	11.50	06/09/2022 17:35	CET	1529	17543.14
TME PHARMA	NL0015000YE1	ALTME	Euronext Growth Paris	EUR	4.1895	4.20	4.04	4.13	06/09/2022 17:20	CET	1301	5355.4965
TOOLUX SANDING	LU0394945660	ALTLX	Euronext Growth Paris	EUR	2.30	2.30	2.30	2.30	29/08/2022 16:30	CET	10	23.00
TOOSLA	FR00140062B9	ALTOO	Euronext Growth Paris	EUR	2.29	2.29	2.26	2.29	06/09/2022 12:35	CET	511	1163.19
TOTALENERGIES	FR0000120271	TTE	Euronext Paris, Brussels	EUR	53.15	53.37	51.57	51.71	06/09/2022 17:38	CET	5889428	306825276.45
TotalEnergiesGabon	GA0000121459	EC	Euronext Paris	EUR	175.00	193.00	174.00	193.00	06/09/2022 17:35	CET	15276	2782629.00
TOUAX	FR0000033003	TOUP	Euronext Paris	EUR	8.20	8.20	8.18	8.18	06/09/2022 16:16	CET	697	5707.10
TOUR EIFFEL	FR0000036816	EIFF	Euronext Paris	EUR	21.90	21.90	21.70	21.70	06/09/2022 17:29	CET	613	13363.30
TPSH	FR0011040690	MLPSH	Euronext Access Paris	EUR	0.191	0.191	0.191	0.191	17/12/2018 11:30	CET	3070	586.37
TRAMWAYS DE ROUEN	FR0000031866	MLTRA	Euronext Access Paris	EUR	4100.00	4100.00	4100.00	4100.00	12/04/2022 16:30	CET	7	28700.00
TRANSGENE	FR0005175080	TNG	Euronext Paris	EUR	2.155	2.195	2.14	2.185	06/09/2022 17:29	CET	24145	52394.755
TRANSITION SHARES	FR00140039U7	TRAN	Euronext Paris	EUR	9.95	10.00	9.95	10.00	31/08/2022 15:24	CET	140	1398.05
TRANSITION WARRANT	FR0014003AC4	TRANW	Euronext Paris	EUR	0.50	0.50	0.50	0.50	18/01/2022 10:59	CET	1300	650.00
TRIGANO	FR0005691656	TRI	Euronext Paris	EUR	82.00	83.65	81.25	82.50	06/09/2022 17:35	CET	17026	1401502.15
TRILOGIQ	FR0010397901	ALTRI	Euronext Growth Paris	EUR	4.54	4.54	4.50	4.50	02/09/2022 16:30	CET	233	1057.26
TROC ILE	FR0000031106	MLTRO	Euronext Access Paris	EUR	4.60	4.60	4.60	4.60	06/09/2022 11:30	CET	20	92.00
TRONICS	FR0004175099	ALTRO	Euronext Growth Paris	EUR	5.05	5.05	5.05	5.05	02/09/2022 11:30	CET	73	368.65
TTI	FR0010383877	ALTTI	Euronext Growth Paris	EUR	2.40	2.40	2.40	2.40	01/09/2022 11:30	CET	200	480.00
TXCOM	FR0010654087	ALTXC	Euronext Growth Paris	EUR	8.60	8.60	8.60	8.60	05/09/2022 12:30	CET	700	6020.00
U10 CORP	FR0000079147	ALU10	Euronext Growth Paris	EUR	1.375	1.38	1.34	1.38	06/09/2022 12:01	CET	2085	2871.87
UBISOFT ENTERTAIN	FR0000054470	UBI	Euronext Paris	EUR	43.59	44.15	43.01	43.50	06/09/2022 17:35	CET	363459	15805883.46
UMALIS GROUP	FR0011776889	MLUMG	Euronext Access Paris	EUR	2.60	2.60	2.60	2.60	06/09/2022 16:30	CET	10	26.00
UNI.METALG.HT-SEI.	FR0005783503	MLUMH	Euronext Access Paris	EUR	55.00	55.00	55.00	55.00	01/09/2022 16:58	CET	120	6600.00
UNIBAIL-RODAMCO-WE	FR0013326246	URW	Euronext Amsterdam, Paris	EUR	49.83	51.11	49.61	50.57	06/09/2022 17:35	CET	440560	22301244.455
UNIBEL	FR0000054215	UNBL	Euronext Paris	EUR	955.00	955.00	955.00	955.00	19/08/2022 16:30	CET	3	2865.00
UNION FIN.FRANCE	FR0000034548	UFF	Euronext Paris	EUR	14.90	15.10	14.90	14.95	06/09/2022 17:35	CET	339	5077.35
UNION TECH.INFOR.	FR0000074197	FPG	Euronext Paris	EUR	0.491	0.491	0.488	0.488	06/09/2022 17:29	CET	101	49.291
UNITI	FR0012709160	ALUNT	Euronext Growth Paris	EUR	2.52	2.52	2.52	2.52	06/09/2022 09:00	CET	1	2.52
UPERGY	FR0010337865	ALUPG	Euronext Growth Paris	EUR	3.92	3.92	3.92	3.92	06/09/2022 13:41	CET	71	278.32
UV GERMI	FR0011898584	ALUVI	Euronext Growth Paris	EUR	4.655	4.745	4.65	4.65	06/09/2022 13:23	CET	2991	13932.29
VALBIOTIS	FR0013254851	ALVAL	Euronext Growth Paris	EUR	6.00	6.00	5.96	5.98	06/09/2022 16:59	CET	891	5324.22
VALEO	FR0013176526	FR	Euronext Paris	EUR	17.71	18.21	17.71	17.98	06/09/2022 17:36	CET	811058	14579973.225
VALLOUREC	FR0013506730	VK	Euronext Paris	EUR	10.60	10.67	9.966	10.01	06/09/2022 17:35	CET	1016653	10327526.131
VALLOUREC BSA 21	FR00140030K7	VKBS	Euronext Paris	EUR	-	-	-	-	-	CET	-	-
VALNEVA	FR0004056851	VLA	Euronext Paris	EUR	8.04	8.318	8.02	8.144	06/09/2022 17:35	CET	312275	2544264.726
VALONEO	FR0012833770	MLVAL	Euronext Access Paris	EUR	14.30	14.30	14.30	14.30	25/09/2018 16:30	CET	10	143.00
VANDOR REAL ESTATE	ES0105623005	MLVRE	Euronext Access Paris	EUR	6.00	6.00	6.00	6.00	16/12/2021 00:00	CET	-	-
VAZIVA	FR0014007T10	MLVAZ	Euronext Access Paris	EUR	22.705	22.705	22.50	22.50	06/09/2022 16:30	CET	493	11092.705
VENTE UNIQUE.COM	FR0010766667	ALVU	Euronext Growth Paris	EUR	7.05	7.05	6.82	6.82	06/09/2022 17:35	CET	1053	7305.87
VEOLIA ENVIRON.	FR0000124141	VIE	Euronext Paris	EUR	21.85	22.14	21.70	21.83	06/09/2022 17:35	CET	1292707	28257267.17
VERALLIA	FR0013447729	VRLA	Euronext Paris	EUR	22.84	23.10	22.66	23.06	06/09/2022 17:37	CET	74828	1719606.44
VERGNET	FR0004155240	ALVER	Euronext Growth Paris	EUR	0.1514	0.1514	0.14	0.141	06/09/2022 17:35	CET	4655551	676878.5298
VERIMATRIX	FR0010291245	VMX	Euronext Paris	EUR	0.681	0.689	0.678	0.689	06/09/2022 17:35	CET	26849	18321.96
VERNEY CARRON	FR0006174496	MLVER	Euronext Access Paris	EUR	7.30	7.30	7.30	7.30	24/08/2022 11:30	CET	7	51.10
VETOQUINOL	FR0004186856	VETO	Euronext Paris	EUR	113.00	113.80	112.20	113.20	06/09/2022 17:35	CET	364	41124.00
VIALIFE	FR0010326090	ALVIA	Euronext Growth Paris	EUR	14.00	14.00	14.00	14.00	23/08/2022 11:30	CET	3	42.00
VICAT	FR0000031775	VCT	Euronext Paris	EUR	24.65	24.80	24.35	24.60	06/09/2022 17:35	CET	29970	737541.65
VIEL ET COMPAGNIE	FR0000050049	VIL	Euronext Paris	EUR	5.44	5.44	5.38	5.38	06/09/2022 17:35	CET	1218	6580.28
VILMORIN & CIE	FR0000052516	RIN	Euronext Paris	EUR	42.85	43.00	42.70	43.00	06/09/2022 17:35	CET	1832	78502.45
VINCI	FR0000125486	DG	Euronext Paris	EUR	92.27	93.78	92.27	93.27	06/09/2022 17:35	CET	582148	54279627.97
VIRBAC	FR0000031577	VIRP	Euronext Paris	EUR	356.50	358.00	349.50	353.00	06/09/2022 17:35	CET	2757	973323.50
VISIATIV	FR0004029478	ALVIV	Euronext Growth Paris	EUR	35.55	35.95	35.15	35.40	06/09/2022 17:35	CET	1983	70430.60
VISIATIV BS	FR0014003O76	VIVBS	Euronext Growth Paris	EUR	1.36	1.36	1.36	1.36	24/08/2022 12:22	CET	5	6.80
VISIOMED BSA2018-1	FR0013322724	VMGBS	Euronext Growth Paris	EUR	0.0025	0.0025	0.0025	0.0025	05/09/2022 15:04	CET	300	0.75
VISIOMED GROUP	FR0013481835	ALVMG	Euronext Growth Paris	EUR	0.397	0.405	0.3805	0.382	06/09/2022 17:35	CET	1740800	685194.8295
VISIOMEDBSA26OCT23	FR0013321817	VMGBT	Euronext Growth Paris	EUR	-	-	-	-	-	CET	-	-
VITURA	FR0010309096	VTR	Euronext Paris	EUR	28.20	28.20	28.20	28.20	06/09/2022 09:00	CET	1	28.20
VIVENDI SE	FR0000127771	VIV	Euronext Paris	EUR	8.844	8.906	8.792	8.802	06/09/2022 17:35	CET	1288127	11373856.332
VOGO	FR0011532225	ALVGO	Euronext Growth Paris	EUR	5.28	5.29	5.20	5.26	06/09/2022 17:20	CET	266	1396.63
VOLTALIA	FR0011995588	VLTSA	Euronext Paris	EUR	19.90	20.30	19.62	19.68	06/09/2022 17:35	CET	15574	308930.47
VOYAGEURS DU MONDE	FR0004045847	ALVDM	Euronext Growth Paris	EUR	90.90	91.00	90.80	90.80	06/09/2022 17:35	CET	284	25807.20
VRANKEN-POMMERY	FR0000062796	VRAP	Euronext Paris, Brussels	EUR	17.30	17.50	17.20	17.35	06/09/2022 17:35	CET	1596	27703.95
VREF SEVILLE	ES0105492005	MLVRF	Euronext Access Paris	EUR	-	-	-	-	-	CET	-	-
WAGA ENERGY	FR0012532810	WAGA	Euronext Paris	EUR	31.55	31.55	31.20	31.20	06/09/2022 17:35	CET	994	31251.25
WALLIX	FR0010131409	ALLIX	Euronext Growth Paris	EUR	14.96	15.12	14.84	14.98	06/09/2022 17:35	CET	3274	49115.24
WAVESTONE	FR0013357621	WAVE	Euronext Paris	EUR	46.55	48.25	46.55	48.05	06/09/2022 17:35	CET	18795	896526.35
WE.CONNECT	FR0013079092	ALWEC	Euronext Growth Paris	EUR	15.50	15.50	15.50	15.50	06/09/2022 09:00	CET	1	15.50
WEACCESS GROUP	FR0010688465	MLWEA	Euronext Access Paris	EUR	2.40	2.40	2.40	2.40	18/07/2022 11:30	CET	1	2.40
WEDIA	FR0010688440	ALWED	Euronext Growth Paris	EUR	33.30	33.30	32.30	32.30	06/09/2022 12:02	CET	136	4462.30
WELL	FR0004152700	MLWEL	Euronext Access Paris	EUR	1.20	1.20	1.20	1.20	30/08/2022 16:30	CET	34000	40800.00
WENDEL	FR0000121204	MF	Euronext Paris	EUR	76.25	77.50	76.25	76.80	06/09/2022 17:35	CET	25973	1997363.25
WEYA	FR0010768770	MLWEY	Euronext Access Paris	EUR	2.00	2.00	2.00	2.00	05/09/2022 16:30	CET	250	500.00
WHITENI R CAJAL	ES0105399002	MLWRC	Euronext Access Paris	EUR	3.00	3.00	3.00	3.00	25/10/2019 11:30	CET	350	1050.00
WINFARM	FR0014000P11	ALWF	Euronext Growth Paris	EUR	17.15	17.20	17.15	17.20	06/09/2022 16:05	CET	2	34.35
WITBE	FR0013143872	ALWIT	Euronext Growth Paris	EUR	7.75	7.75	7.69	7.74	06/09/2022 15:34	CET	239	1847.50
WIZIBOAT	FR00140047H7	MLWIZ	Euronext Access Paris	EUR	8.45	8.70	8.45	8.70	06/09/2022 16:30	CET	60	508.25
WORLDLINE	FR0011981968	WLN	Euronext Paris	EUR	42.56	44.05	42.38	43.89	06/09/2022 17:35	CET	601040	26190447.83
X-FAB	BE0974310428	XFAB	Euronext Paris	EUR	6.00	6.065	5.80	5.865	06/09/2022 17:35	CET	415573	2449112.845
XILAM ANIMATION	FR0004034072	XIL	Euronext Paris	EUR	37.45	37.55	37.40	37.55	06/09/2022 15:40	CET	105	3932.65
ZCCM	ZM0000000037	MLZAM	Euronext Access Paris	EUR	1.06	1.21	1.06	1.21	05/09/2022 16:30	CET	300	340.50
ZCI LIMITED	BMG9887P1068	CV	Euronext Paris	EUR	0.17	0.20	0.17	0.20	04/08/2015 16:20	CET	21826	3755.94
