Name	ISIN	Symbol	Market	Trading Currency	Open	High	Low	Last	Last Date/Time	Time Zone	Volume	Turnover
European Equities
12 Nov 2021
All datapoints provided as of end of last active trading day.
1000MERCIS	FR0010285965	ALMIL	Euronext Growth Paris	EUR	23.80	24.00	23.40	24.00	12/11/21 17:01	CET	977	23337.10
2CRSI	FR0013341781	2CRSI	Euronext Paris	EUR	4.92	4.945	4.805	4.805	12/11/21 17:35	CET	26005	126316.21
2MX ORGANIC	FR0014000T90	2MX	Euronext Paris	EUR	9.762	9.762	9.762	9.762	12/11/21 15:23	CET	2	19.524
2MX ORGANIC BS	FR0014000TB2	2MXBS	Euronext Paris	EUR	0.20	0.20	0.20	0.20	08/11/21 17:10	CET	40000	8000.00
A TOUTE VITESSE	FR0010050773	MLATV	Euronext Access Paris	EUR	1.48	1.48	1.35	1.35	13/11/19 16:53	CET	378	521.87
A.S.T. GROUPE	FR0000076887	ASP	Euronext Paris	EUR	6.02	6.04	5.90	5.90	12/11/21 17:35	CET	3911	23416.72
AB SCIENCE	FR0010557264	AB	Euronext Paris	EUR	12.60	12.79	12.60	12.67	12/11/21 17:35	CET	51959	656446.85
ABC ARBITRAGE	FR0004040608	ABCA	Euronext Paris	EUR	7.09	7.12	7.09	7.11	12/11/21 17:35	CET	11437	81230.59
ABEO	FR0013185857	ABEO	Euronext Paris	EUR	14.95	15.10	14.95	14.95	12/11/21 17:35	CET	2823	42458.75
ABIONYX PHARMA	FR0012616852	ABNX	Euronext Paris	EUR	1.52	1.52	1.454	1.48	12/11/21 17:39	CET	160451	236987.376
ABIVAX	FR0012333284	ABVX	Euronext Paris	EUR	26.75	27.10	26.10	26.15	12/11/21 17:35	CET	10494	279759.30
ABO GROUP	BE0974278104	ABO	Euronext Brussels, Paris	EUR	5.65	5.65	5.60	5.60	12/11/21 16:12	CET	450	2525.00
ACANTHE DEV.	FR0000064602	ACAN	Euronext Paris	EUR	0.528	0.534	0.528	0.53	12/11/21 16:46	CET	15497	8221.562
ACCOR	FR0000120404	AC	Euronext Paris	EUR	32.28	32.36	31.44	31.67	12/11/21 17:36	CET	701288	22226390.16
ACCOR AC SHARES	FR0014003PZ3	AAC	Euronext Paris	EUR	9.799	9.80	9.799	9.80	21/10/21 11:22	CET	1961	19216.88
ACCOR AC WARRANTS	FR0014003QK3	AACW	Euronext Paris	EUR	0.3412	0.3412	0.3412	0.3412	03/11/21 15:37	CET	100	34.12
ACCOR NV21	FR00140015P7	ACNV	Euronext Paris	EUR	-	-	-	-	-	CET	-	-
ACHETER-LOUER.FR	FR0010493510	ALALO	Euronext Growth Paris	EUR	0.0016	0.0016	0.0014	0.0015	12/11/21 17:25	CET	57551151	89361.5518
ACTEOS	FR0000076861	EOS	Euronext Paris	EUR	2.32	2.32	2.20	2.31	12/11/21 14:14	CET	3216	7182.74
ACTIA GROUP	FR0000076655	ATI	Euronext Paris	EUR	3.85	3.92	3.80	3.90	12/11/21 17:35	CET	9482	36770.59
ACTICOR BIOTECH	FR0014005OJ5	ALACT	Euronext Growth Paris	EUR	6.95	6.95	6.83	6.831	12/11/21 15:19	CET	1548	10657.794
ACTIVIUM GROUP	FR0010979377	MLACT	Euronext Access Paris	EUR	1.40	1.40	1.40	1.40	09/11/21 11:30	CET	1	1.40
ADA	FR0000053076	ALADA	Euronext Growth Paris	EUR	10.80	10.90	10.70	10.90	12/11/21 14:29	CET	336	3600.30
ADC SIIC	BE0974269012	ALDV	Euronext Paris	EUR	0.114	0.114	0.114	0.114	12/11/21 11:30	CET	51	5.814
ADEUNIS	FR0013284627	ALARF	Euronext Growth Paris	EUR	2.86	2.87	2.78	2.82	12/11/21 16:30	CET	3656	10254.98
ADOCIA	FR0011184241	ADOC	Euronext Paris	EUR	9.00	9.10	8.85	9.00	12/11/21 17:35	CET	10982	98822.32
ADOMOS	FR0013247244	ALADO	Euronext Growth Paris	EUR	0.136	0.1394	0.125	0.13	12/11/21 17:35	CET	1163493	150869.4412
ADP	FR0010340141	ADP	Euronext Paris	EUR	119.00	120.55	117.85	119.45	12/11/21 17:35	CET	48996	5851121.40
ADTHINK	FR0010457531	ALADM	Euronext Growth Paris	EUR	1.625	1.88	1.59	1.80	12/11/21 17:35	CET	569382	1003471.775
ADUX	FR0012821890	ADUX	Euronext Paris, Amsterdam	EUR	2.16	2.20	2.15	2.18	12/11/21 15:59	CET	9589	20926.51
ADVENIS	FR0004152874	ALADV	Euronext Growth Paris	EUR	2.78	2.78	2.73	2.73	12/11/21 16:37	CET	12463	34392.84
ADVICENNE	FR0013296746	ADVIC	Euronext Paris, Brussels	EUR	8.82	9.10	8.70	8.95	12/11/21 17:35	CET	34067	300936.96
ADVINI	FR0000053043	ADVI	Euronext Paris	EUR	19.20	19.20	19.20	19.20	12/11/21 09:00	CET	21	403.20
AERKOMM INC	US00774B2088	AKOM	Euronext Paris	EUR	2.40	2.40	2.40	2.40	12/11/21 09:00	CET	1	2.40
AFFLUENT MEDICAL	FR0013333077	AFME	Euronext Paris	EUR	5.89	5.90	5.80	5.90	12/11/21 16:58	CET	2127	12436.08
AFYREN	FR0014005AC9	ALAFY	Euronext Growth Paris	EUR	8.85	9.11	8.85	8.99	12/11/21 17:35	CET	19727	177437.84
AG3I	FR0011908045	MLAGI	Euronext Access Paris	EUR	0.41	0.41	0.41	0.41	14/10/21 16:30	CET	154	63.14
AGENCE AUTO	FR0014005WE9	MLAA	Euronext Access Paris	EUR	3.40	3.40	3.40	3.40	10/11/21 11:30	CET	3067	10427.80
AGP MALAGA SOCIMI	ES0105478004	MLAGP	Euronext Access Paris	EUR	2.95	2.95	2.95	2.95	23/11/20 11:52	CET	2000	5900.00
AGRIPOWER	FR0013452281	ALAGP	Euronext Growth Paris	EUR	7.82	7.82	7.64	7.80	12/11/21 17:35	CET	3319	25589.80
AGROGENERATION	FR0010641449	ALAGR	Euronext Growth Paris	EUR	0.246	0.277	0.241	0.264	12/11/21 17:35	CET	1751571	456402.911
AIR FRANCE -KLM	FR0000031122	AF	Euronext Paris, Amsterdam	EUR	4.299	4.33	4.199	4.226	12/11/21 17:37	CET	3233263	13711057.185
AIR LIQUIDE	FR0000120073	AI	Euronext Paris	EUR	152.08	153.28	151.74	152.78	12/11/21 17:35	CET	433064	66137823.68
AIR MARINE	FR0013285103	MLAIM	Euronext Access Paris	EUR	1.88	1.88	1.88	1.88	12/11/21 11:30	CET	2	3.76
AIRBUS	NL0000235190	AIR	Euronext Paris	EUR	114.22	115.24	112.14	112.14	12/11/21 17:35	CET	1431439	161862708.48
AIRTIME	IT0005450819	ALAIR	Euronext Growth Paris	EUR	59.01	59.01	59.00	59.00	11/11/21 09:05	CET	54	3186.14
AIRWELL	FR0014003V77	MLAIR	Euronext Access Paris	EUR	3.83	3.83	3.83	3.83	12/11/21 11:30	CET	2	7.66
AKKA TECHNOLOGIES	FR0004180537	AKA	Euronext Paris, Brussels	EUR	47.82	47.94	47.80	47.80	12/11/21 17:35	CET	36305	1737149.76
AKWEL	FR0000053027	AKW	Euronext Paris	EUR	22.00	22.80	21.95	22.20	12/11/21 17:35	CET	14613	323697.55
ALAN ALLMAN	FR0000062465	AAA	Euronext Paris	EUR	11.50	11.50	11.50	11.50	12/11/21 15:51	CET	203	2334.50
ALBIOMA	FR0000060402	ABIO	Euronext Paris	EUR	34.48	34.66	34.14	34.28	12/11/21 17:37	CET	21582	741060.02
ALCHIMIE	FR0014000JX7	ALCHI	Euronext Growth Paris	EUR	7.28	7.29	6.98	7.06	12/11/21 17:35	CET	3292	23620.61
ALD	FR0013258662	ALD	Euronext Paris	EUR	13.50	13.70	13.44	13.60	12/11/21 17:38	CET	93841	1274138.90
ALEPH FINANCE	GB00BJ9M4V82	MLALE	Euronext Access Paris	EUR	2.00	2.00	2.00	2.00	12/10/21 11:30	CET	140	280.00
ALPES (Cie) NV21	FR00140017V1	CDANV	Euronext Paris	EUR	-	-	-	-	-	CET	-	-
ALPES (COMPAGNIE)	FR0000053324	CDA	Euronext Paris	EUR	15.06	15.20	14.60	14.70	12/11/21 17:35	CET	51567	769777.96
ALPHA MOS	FR0013421286	ALM	Euronext Paris	EUR	2.17	2.17	1.965	2.03	12/11/21 17:35	CET	154630	315614.25
ALSTOM	FR0010220475	ALO	Euronext Paris	EUR	32.72	33.28	32.28	32.42	12/11/21 17:35	CET	1550808	50602174.94
ALTAMIR	FR0000053837	LTA	Euronext Paris	EUR	24.40	24.40	24.215	24.215	12/11/21 17:35	CET	85	2063.245
ALTAREA	FR0000033219	ALTA	Euronext Paris	EUR	185.20	189.20	184.60	186.00	12/11/21 17:35	CET	5191	969996.00
ALTAREIT	FR0000039216	AREIT	Euronext Paris	EUR	665.00	665.00	665.00	665.00	12/11/21 11:48	CET	10	6650.00
ALTEN	FR0000071946	ATE	Euronext Paris	EUR	150.90	152.10	149.50	152.10	12/11/21 17:35	CET	16480	2499070.60
ALTHEORA	FR0000061244	ALORA	Euronext Growth Paris	EUR	1.80	1.86	1.80	1.855	12/11/21 14:27	CET	1373	2490.08
ALTUR INVEST.	FR0010395681	ALTUR	Euronext Paris	EUR	5.65	5.70	5.55	5.55	12/11/21 15:40	CET	317	1791.35
ALVEEN	FR0013253812	MLALV	Euronext Access Paris	EUR	0.70	0.70	0.70	0.70	11/11/21 17:19	CET	82	57.40
AMA CORPORATION	GB00BNKGZC51	ALAMA	Euronext Growth Paris	EUR	2.805	2.805	2.705	2.75	12/11/21 17:35	CET	2519	6993.235
AMATHEON AGRI	NL0010273694	MLAAH	Euronext Access Paris	EUR	0.097	0.097	0.097	0.097	12/11/21 11:30	CET	1	0.097
AMOEBA	FR0011051598	ALMIB	Euronext Growth Paris	EUR	1.508	1.508	1.448	1.46	12/11/21 17:35	CET	77629	114412.401
AMPLITUDE SURGICAL	FR0012789667	AMPLI	Euronext Paris	EUR	2.11	2.11	2.11	2.11	12/11/21 09:00	CET	1	2.11
AMUNDI	FR0004125920	AMUN	Euronext Paris	EUR	77.95	78.30	77.25	77.55	12/11/21 17:35	CET	219052	16986036.65
ANTEVENIO	ES0109429037	ALANT	Euronext Growth Paris	EUR	4.62	4.62	4.62	4.62	12/11/21 15:20	CET	51	235.62
ANTIN INFRA PARTN	FR0014005AL0	ANTIN	Euronext Paris	EUR	34.00	34.00	32.90	33.50	12/11/21 17:35	CET	19531	653226.26
APERAM	LU0569974404	APAM	Euronext Amsterdam, Brussels, Paris	EUR	51.00	51.00	47.34	48.78	12/11/21 17:35	CET	960896	46758610.48
APTORUM GROUP CL A	KYG6096M1069	APM	Euronext Paris	EUR	2.70	2.70	2.70	2.70	15/01/21 13:35	CET	426	1150.20
AQUILA	FR0010340711	ALAQU	Euronext Growth Paris	EUR	6.85	6.85	6.75	6.75	12/11/21 16:30	CET	111	750.35
ARAMIS GROUP	FR0014003U94	ARAMI	Euronext Paris	EUR	16.36	17.14	16.28	16.80	12/11/21 17:35	CET	87053	1464153.02
ARCELORMITTAL SA	LU1598757687	MT	Euronext Amsterdam, Paris	EUR	28.50	28.52	27.37	27.60	12/11/21 17:35	CET	6473065	178873820.245
ARCHOS	FR0000182479	ALJXR	Euronext Growth Paris	EUR	0.0007	0.0008	0.0006	0.0006	12/11/21 17:35	CET	378046714	264723.9092
ARCURE	FR0013398997	ALCUR	Euronext Growth Paris	EUR	3.90	4.00	3.71	3.78	12/11/21 17:35	CET	5383	20677.20
ARDOIN ST AMAND A	FR0005057635	MLARD	Euronext Access Paris	EUR	111.00	111.00	111.00	111.00	08/11/21 16:30	CET	146	16206.00
ARDOIN ST AMAND B	FR0004070795	ARDO	Euronext Access Paris	EUR	72.00	72.00	72.00	72.00	03/08/20 16:30	CET	2	144.00
ARGAN	FR0010481960	ARG	Euronext Paris	EUR	112.00	114.40	111.20	113.20	12/11/21 17:35	CET	4307	487766.40
ARIMELIA ITG	ES0105601001	MLARI	Euronext Access Paris	EUR	2.97	2.97	2.97	2.97	17/09/21 00:00	CET	-	-
ARKEMA	FR0010313833	AKE	Euronext Paris	EUR	122.65	123.35	120.35	122.75	12/11/21 17:35	CET	162542	19837534.85
AROCA DEL PINAR	ES0105486007	MLARO	Euronext Access Paris	EUR	14.60	14.60	14.60	14.60	16/08/20 00:00	CET	-	-
ARTEA	FR0012185536	ARTE	Euronext Paris	EUR	23.20	23.40	23.20	23.40	12/11/21 15:47	CET	2	46.60
ARTEFACT	FR0000079683	ALATF	Euronext Growth Paris	EUR	7.81	7.81	7.80	7.81	12/11/21 17:35	CET	422082	3293044.95
ARTMARKET COM	FR0000074783	PRC	Euronext Paris	EUR	8.54	12.60	8.32	12.60	12/11/21 17:37	CET	1299283	13936816.21
ARTOIS NOM.	FR0000076952	ARTO	Euronext Paris	EUR	6050.00	6050.00	6050.00	6050.00	10/11/21 11:30	CET	6	36300.00
ASHLER ET MANSON	FR0012968485	MLAEM	Euronext Access Paris	EUR	2.24	2.24	2.24	2.24	25/10/21 11:30	CET	300	672.00
ASIT	BE0974289218	ASIT	Euronext Brussels, Paris	EUR	0.275	0.281	0.275	0.276	12/11/21 17:35	CET	7324	2022.137
ASSYSTEM	FR0000074148	ASY	Euronext Paris	EUR	32.40	32.40	31.70	32.30	12/11/21 17:35	CET	14680	469431.60
ATARI	FR0010478248	ATA	Euronext Paris	EUR	0.414	0.4345	0.3915	0.3925	12/11/21 17:35	CET	5676937	2344087.0315
ATEME	FR0011992700	ATEME	Euronext Paris	EUR	14.88	14.88	14.34	14.36	12/11/21 16:17	CET	10363	151186.70
ATOS	FR0000051732	ATO	Euronext Paris	EUR	42.59	43.15	40.61	42.48	12/11/21 17:38	CET	2176718	90988833.66
AUBAY	FR0000063737	AUB	Euronext Paris	EUR	54.40	54.50	53.70	54.30	12/11/21 17:35	CET	2657	144146.40
AUDACIA	FR00140059B5	ALAUD	Euronext Growth Paris	EUR	6.52	6.58	6.52	6.58	12/11/21 17:35	CET	217	1424.82
AUDIENCE LABS	FR0011896463	MLAUD	Euronext Access Paris	EUR	4.00	4.00	4.00	4.00	11/11/21 11:30	CET	1	4.00
AUDIOVALLEY	BE0974334667	ALAVY	Euronext Growth Paris, Brussels	EUR	3.72	3.74	3.72	3.72	12/11/21 17:35	CET	2086	7773.16
AUGROS COSMETICS	FR0000061780	AUGR	Euronext Paris	EUR	5.20	5.20	5.20	5.20	10/11/21 11:30	CET	2	10.40
AUPLATA MINING GR	FR0013410370	ALAMG	Euronext Growth Paris	EUR	0.0435	0.0439	0.0398	0.0417	12/11/21 17:14	CET	1172749	48265.5885
AUREA	FR0000039232	AURE	Euronext Paris	EUR	8.80	8.80	8.40	8.80	12/11/21 16:54	CET	3728	32356.48
AURES TECHNOLOGIES	FR0013183589	AURS	Euronext Paris	EUR	24.10	24.10	23.00	23.30	12/11/21 17:35	CET	3191	75019.60
AVENIR TELECOM	FR0013529815	AVT	Euronext Paris	EUR	0.064	0.0765	0.0618	0.0715	12/11/21 17:35	CET	12430330	881675.726
AXA	FR0000120628	CS	Euronext Paris	EUR	25.71	25.875	25.64	25.78	12/11/21 17:35	CET	3821233	98513542.86
AXWAY SOFTWARE	FR0011040500	AXW	Euronext Paris	EUR	29.20	29.30	28.80	28.80	12/11/21 17:35	CET	7976	232456.00
AZ LEASING	IT0004812258	MLAZL	Euronext Access Paris	EUR	0.57	0.57	0.57	0.57	10/11/20 16:30	CET	303	172.71
AZOREAN TECH	PTAZR0AM0006	MLAAT	Euronext Access Paris	EUR	0.382	0.382	0.382	0.382	11/11/21 16:30	CET	10	3.82
BAIKOWSKI	FR0013384369	ALBKK	Euronext Growth Paris	EUR	20.60	20.80	20.60	20.60	12/11/21 16:49	CET	1056	21947.60
BAINS MER MONACO	MC0000031187	BAIN	Euronext Paris	EUR	69.20	70.80	69.00	69.00	12/11/21 17:35	CET	94	6499.40
BALYO	FR0013258399	BALYO	Euronext Paris	EUR	1.10	1.15	1.078	1.11	12/11/21 17:35	CET	146601	163198.174
BARBARA BUI	FR0000062788	BUI	Euronext Paris	EUR	10.00	10.00	10.00	10.00	12/11/21 11:30	CET	50	500.00
BARINGS CORE SPAIN	ES0105362000	MLBAR	Euronext Access Paris	EUR	-	-	-	-	-	CET	-	-
BASSAC	FR0004023208	BASS	Euronext Paris	EUR	64.00	65.20	64.00	64.80	12/11/21 17:35	CET	1536	99234.60
BASTIDE LE CONFORT	FR0000035370	BLC	Euronext Paris	EUR	43.50	43.60	43.35	43.50	12/11/21 17:35	CET	1526	66385.95
BATLA MINERALS	FR0010436170	MLBAT	Euronext Access Paris	EUR	0.63	0.63	0.62	0.62	12/11/21 16:30	CET	750	468.50
BD MULTI MEDIA	FR0000035305	ALBDM	Euronext Growth Paris	EUR	15.50	15.50	15.50	15.50	12/11/21 17:22	CET	23641	366435.50
BEACONSMIND	CH0451123589	MLBMD	Euronext Access Paris	EUR	12.50	12.50	12.50	12.50	11/11/21 16:30	CET	90	1125.00
BEL	FR0000121857	FBEL	Euronext Paris	EUR	545.00	545.00	545.00	545.00	12/11/21 16:30	CET	126	68670.00
BELIEVE	FR0014003FE9	BLV	Euronext Paris	EUR	19.30	19.70	19.174	19.60	12/11/21 17:35	CET	92522	1807155.04
BENETEAU	FR0000035164	BEN	Euronext Paris	EUR	14.20	14.46	13.74	14.16	12/11/21 17:35	CET	56245	789914.48
BERNARD LOISEAU	FR0000066961	ALDBL	Euronext Growth Paris	EUR	3.56	3.56	3.56	3.56	10/11/21 11:30	CET	4	14.24
BIC	FR0000120966	BB	Euronext Paris	EUR	49.80	49.88	49.48	49.48	12/11/21 17:39	CET	33663	1667909.02
BIGBEN INTERACTIVE	FR0000074072	BIG	Euronext Paris	EUR	17.22	17.44	17.22	17.30	12/11/21 17:35	CET	19054	330236.28
BILENDI	FR0004174233	ALBLD	Euronext Growth Paris	EUR	17.95	18.30	17.75	17.95	12/11/21 17:24	CET	8768	157778.55
BIO-UV GROUP	FR0013345493	ALTUV	Euronext Growth Paris	EUR	5.74	5.84	5.64	5.72	12/11/21 17:35	CET	12687	72593.20
BIOCORP	FR0012788065	ALCOR	Euronext Growth Paris	EUR	29.10	29.30	29.00	29.20	12/11/21 17:35	CET	3917	114048.90
BIOMERIEUX	FR0013280286	BIM	Euronext Paris	EUR	107.45	108.80	106.40	108.65	12/11/21 17:35	CET	55651	6025390.85
BIOPHYTIS	FR0012816825	ALBPS	Euronext Growth Paris	EUR	0.5198	0.528	0.50	0.5028	12/11/21 17:35	CET	1143878	582409.7446
BIOPHYTIS BSA	FR0013507290	BPSBS	Euronext Growth Paris	EUR	0.321	0.42	0.321	0.42	09/11/21 16:05	CET	5560	2080.80
BIOSYNEX	FR0011005933	ALBIO	Euronext Growth Paris	EUR	14.56	14.90	14.20	14.61	12/11/21 17:35	CET	40608	590413.14
BIOSYNEX BSAR	FR0013517380	BIOBS	Euronext Growth Paris	EUR	0.20	0.20	0.20	0.20	12/11/21 12:34	CET	64	12.80
BLEECKER	FR0000062150	BLEE	Euronext Paris	EUR	140.00	140.00	140.00	140.00	09/11/21 11:30	CET	30	4200.00
BLUE SHARK POWER	FR0013340973	MLBSP	Euronext Access Paris	EUR	3.78	3.78	3.78	3.78	25/08/21 16:30	CET	2000	7560.00
BLUELINEA	FR0011041011	ALBLU	Euronext Growth Paris	EUR	3.20	3.20	2.99	2.99	12/11/21 16:56	CET	4792	14968.84
BLUELINEA BSA Y	FR0013480985	BLUBT	Euronext Growth Paris	EUR	1.30	1.30	1.30	1.30	05/11/21 15:30	CET	285	370.50
BNP PARIBAS ACT.A	FR0000131104	BNP	Euronext Paris	EUR	59.31	59.54	59.01	59.27	12/11/21 17:35	CET	1781191	105587651.57
BOA CONCEPT	FR0011365907	ALBOA	Euronext Growth Paris	EUR	21.20	21.20	20.70	20.95	12/11/21 17:35	CET	902	18823.05
BODY ONE	FR0010106039	MLONE	Euronext Access Paris	EUR	0.28	0.28	0.28	0.28	12/11/21 16:30	CET	2102	588.56
BOIRON	FR0000061129	BOI	Euronext Paris	EUR	41.50	41.70	41.10	41.15	12/11/21 17:35	CET	2653	109240.35
BOLLORE	FR0000039299	BOL	Euronext Paris	EUR	5.255	5.275	5.235	5.255	12/11/21 17:35	CET	602330	3165209.015
BONDUELLE	FR0000063935	BON	Euronext Paris	EUR	22.80	22.85	22.45	22.45	12/11/21 17:35	CET	8578	193833.40
BONE THERAPEUTICS	BE0974280126	BOTHE	Euronext Brussels, Paris	EUR	1.016	1.016	0.987	0.99	12/11/21 17:35	CET	41675	41616.957
BOOSTHEAT	FR0011814938	ALBOO	Euronext Growth Paris	EUR	0.76	0.799	0.654	0.66	12/11/21 17:36	CET	262426	191876.663
BOURRELIER GROUP	FR0000054421	ALBOU	Euronext Growth Paris	EUR	44.00	44.00	44.00	44.00	11/11/21 11:42	CET	49	2156.00
BOURSE DIRECT	FR0000074254	BSD	Euronext Paris	EUR	2.70	2.72	2.66	2.70	12/11/21 17:35	CET	13561	36490.41
BOUYGUES	FR0000120503	EN	Euronext Paris	EUR	32.80	32.89	32.55	32.65	12/11/21 17:35	CET	833095	27246931.74
BUREAU VERITAS	FR0006174348	BVI	Euronext Paris	EUR	29.14	29.44	29.00	29.40	12/11/21 17:35	CET	343623	10067036.49
BURELLE	FR0000061137	BUR	Euronext Paris	EUR	664.00	668.00	662.00	662.00	12/11/21 17:26	CET	60	39928.00
CA TOULOUSE 31 CCI	FR0000045544	CAT31	Euronext Paris	EUR	88.49	88.50	88.49	88.50	12/11/21 15:06	CET	42	3716.64
CABASSE GROUP	FR0013530102	ALCG	Euronext Growth Paris	EUR	5.11	5.11	4.91	4.96	12/11/21 17:35	CET	7391	36953.055
CAFOM	FR0010151589	CAFO	Euronext Paris	EUR	15.65	15.70	15.50	15.60	12/11/21 17:28	CET	853	13296.40
CAIRE	FR0010781377	MLAAE	Euronext Access Paris	EUR	7.35	7.35	7.35	7.35	11/11/21 16:30	CET	6	44.10
CAMBODGE NOM.	FR0000079659	CBDG	Euronext Paris	EUR	6950.00	6950.00	6950.00	6950.00	02/11/21 16:30	CET	4	27800.00
CAPELLI	FR0012969095	CAPLI	Euronext Paris	EUR	24.20	24.20	23.90	24.20	12/11/21 17:35	CET	722	17384.60
CAPGEMINI	FR0000125338	CAP	Euronext Paris	EUR	212.30	213.70	208.60	213.60	12/11/21 17:35	CET	237861	50436672.80
CARBIOS	FR0011648716	ALCRB	Euronext Growth Paris	EUR	38.20	38.46	37.30	38.18	12/11/21 17:35	CET	21570	820031.46
CARMAT	FR0010907956	ALCAR	Euronext Growth Paris	EUR	26.60	27.10	26.20	26.50	12/11/21 17:35	CET	28059	744740.85
CARMILA	FR0010828137	CARM	Euronext Paris	EUR	14.10	14.24	13.92	14.06	12/11/21 17:35	CET	43164	608321.66
CARPINIENNE PART.	FR0000064156	CARP	Euronext Paris	EUR	35.20	35.20	35.20	35.20	05/11/21 16:30	CET	1	35.20
CARREFOUR	FR0000120172	CA	Euronext Paris	EUR	16.36	16.365	16.08	16.12	12/11/21 17:36	CET	2731340	44113751.57
CASINO GUICHARD	FR0000125585	CO	Euronext Paris	EUR	21.93	22.08	21.63	21.77	12/11/21 17:35	CET	143762	3134374.62
CAST	FR0000072894	CAS	Euronext Paris	EUR	4.53	4.54	4.36	4.53	12/11/21 16:50	CET	914	4038.98
CATANA GROUP	FR0010193052	CATG	Euronext Paris	EUR	6.29	6.32	6.07	6.15	12/11/21 17:35	CET	57423	356116.06
CATERING INTL SCES	FR0000064446	CTRG	Euronext Paris	EUR	14.25	14.40	14.15	14.35	12/11/21 17:21	CET	2542	36393.45
CATERPILLAR INC	US1491231015	CATR	Euronext Paris	EUR	185.70	185.75	185.70	185.75	12/11/21 17:24	CET	165	30646.35
CBI	FR00140062P9	ALCBI	Euronext Growth Paris	EUR	59.89	65.87	59.89	65.87	12/11/21 09:29	CET	5723	363664.06
CBO TERRITORIA	FR0010193979	CBOT	Euronext Paris	EUR	3.74	3.76	3.73	3.76	12/11/21 17:28	CET	12462	46680.82
CECURITY.COM	FR0010717579	MLCEC	Euronext Access Paris	EUR	0.83	0.83	0.83	0.83	09/09/21 11:41	CET	2843	2359.69
CEGEDIM	FR0000053506	CGM	Euronext Paris	EUR	25.00	25.00	24.65	24.70	12/11/21 17:35	CET	4966	123332.20
CELLECTIS	FR0010425595	ALCLS	Euronext Growth Paris	EUR	9.18	9.63	9.015	9.14	12/11/21 17:35	CET	123762	1145492.135
CELYAD ONCOLOGY	BE0974260896	CYAD	Euronext Brussels, Paris	EUR	3.635	3.70	3.56	3.61	12/11/21 17:18	CET	19010	69109.31
CERINNOV GROUP	FR0013178712	ALPCV	Euronext Growth Paris	EUR	1.318	1.318	1.282	1.31	12/11/21 17:08	CET	18543	23918.37
CESAR	FR0013297165	ALCES	Euronext Growth Paris	EUR	0.12	0.12	0.12	0.12	11/11/21 11:30	CET	122	14.64
CESYNT A SHARES	IT0005402034	MLCSA	Euronext Access Paris	EUR	1.80	1.80	1.80	1.80	01/04/21 17:04	CET	190	342.00
CESYNT B SHARES	IT0005398877	MLCSB	Euronext Access Paris	EUR	1.80	1.80	1.80	1.80	15/12/20 11:30	CET	100	180.00
CFI	FR0000037475	CFI	Euronext Paris	EUR	0.86	0.86	0.86	0.86	04/11/21 11:30	CET	285	245.10
CFM INDOSUEZWEALTH	MC0010000826	MLCFM	Euronext Access Paris	EUR	890.00	890.00	890.00	890.00	03/11/21 16:30	CET	5	4450.00
CGG	FR0013181864	CGG	Euronext Paris	EUR	0.7062	0.7062	0.6772	0.6854	12/11/21 17:35	CET	8474391	5815379.1708
CGG BSA 1	FR0013309614	CGGBS	Euronext Paris	EUR	0.0072	0.0072	0.0072	0.0072	12/11/21 11:31	CET	1961	14.1192
CGG BSA 2	FR0013309622	CGGBT	Euronext Paris	EUR	0.0088	0.0088	0.008	0.008	12/11/21 10:05	CET	146194	1213.7886
CH.FER DEPARTEMENT	FR0000037871	MLCFD	Euronext Access Paris	EUR	675.00	675.00	675.00	675.00	12/11/21 16:30	CET	18	12150.00
CH.FER VAR GARD N.	FR0000051567	MLCVG	Euronext Access Paris	EUR	7100.00	7100.00	7100.00	7100.00	10/11/21 11:30	CET	2	14200.00
CHARGEURS	FR0000130692	CRI	Euronext Paris	EUR	27.60	27.80	27.04	27.44	12/11/21 17:35	CET	28116	769879.76
CHAUSSERIA	FR0000060907	CHSR	Euronext Paris	EUR	4.52	4.52	4.52	4.52	12/11/21 16:30	CET	499	2255.48
CHEOPS TECHNOLOGY	FR0010447086	MLCHE	Euronext Access Paris	EUR	51.00	56.00	51.00	56.00	12/11/21 16:30	CET	41	2146.00
CHRISTIAN DIOR	FR0000130403	CDI	Euronext Paris	EUR	697.00	715.00	697.00	713.50	12/11/21 17:35	CET	4663	3304319.50
CIBOX INTER A CTIV	FR0000054322	CIB	Euronext Paris	EUR	0.108	0.1134	0.108	0.1128	12/11/21 17:28	CET	87827	9789.9022
CIE DU MONT BLANC	FR0000060428	MLCMB	Euronext Access Paris	EUR	131.00	131.00	131.00	131.00	11/11/21 11:30	CET	3	393.00
CIOA	FR0012384907	MLCIO	Euronext Access Paris	EUR	1.89	1.89	1.89	1.89	11/11/21 11:30	CET	563	1064.07
CLARANOVA	FR0013426004	CLA	Euronext Paris	EUR	5.40	5.40	5.32	5.365	12/11/21 17:35	CET	80690	432998.07
CLASQUIN	FR0004152882	ALCLA	Euronext Growth Paris	EUR	67.00	68.80	60.40	62.80	12/11/21 17:36	CET	4584	297582.40
CNIM GROUP	FR0000053399	COM	Euronext Paris	EUR	11.15	11.35	10.95	11.25	12/11/21 17:29	CET	1518	16877.65
CNOVA	NL0010949392	CNV	Euronext Paris	EUR	7.30	7.48	6.94	7.20	12/11/21 17:27	CET	3466	24961.92
CNP ASSURANCES	FR0000120222	CNP	Euronext Paris	EUR	21.66	21.71	21.65	21.65	12/11/21 17:37	CET	468399	10146744.02
COFACE	FR0010667147	COFA	Euronext Paris	EUR	12.05	12.05	11.80	11.83	12/11/21 17:35	CET	105476	1254204.71
COFIDUR	FR0013257409	ALCOF	Euronext Growth Paris	EUR	328.00	344.00	328.00	344.00	12/11/21 11:31	CET	44	14680.00
COGELEC	FR0013335742	ALLEC	Euronext Growth Paris	EUR	7.56	7.56	7.56	7.56	12/11/21 09:00	CET	1	7.56
COGRA	FR0011071570	ALCOG	Euronext Growth Paris	EUR	9.16	9.16	9.06	9.10	12/11/21 17:35	CET	1764	16053.16
COHERIS	FR0004031763	COH	Euronext Paris	EUR	1.94	1.94	1.90	1.90	12/11/21 11:27	CET	1110	2129.00
COIL	BE0160342011	ALCOI	Euronext Growth Paris	EUR	9.66	9.74	9.42	9.70	12/11/21 17:35	CET	580	5569.00
COLAS	FR0000121634	RE	Euronext Paris	EUR	133.50	134.00	133.00	133.50	12/11/21 17:35	CET	277	36961.50
COLIPAYS	FR0010959684	MLCLP	Euronext Access Paris	EUR	9.25	9.30	9.25	9.30	10/11/21 16:30	CET	49	455.45
COMPAGNIE ODET	FR0000062234	ODET	Euronext Paris	EUR	1335.00	1335.00	1325.00	1325.00	12/11/21 17:35	CET	172	228960.00
CONDOR TECHNOLOG	BE6252013725	MLMFI	Euronext Access Paris	EUR	15.00	15.00	15.00	15.00	07/06/19 11:30	CET	20	300.00
CONSORT NT	FR0000077828	MLCNT	Euronext Access Paris	EUR	61.50	61.50	61.50	61.50	29/07/21 11:30	CET	22	1353.00
CONSTRUCTEURS BOIS	FR00140007I9	MLLCB	Euronext Access Paris	EUR	4.50	4.50	4.50	4.50	12/11/21 11:30	CET	50	225.00
COREP LIGHTING	FR0010035816	MLCOR	Euronext Access Paris	EUR	9.00	9.00	9.00	9.00	25/10/21 11:30	CET	40	360.00
COURBET	FR0004998318	MLCOU	Euronext Access Paris	EUR	0.975	0.975	0.975	0.975	09/11/21 16:30	CET	1	0.98
COURTOIS	FR0000065393	COUR	Euronext Paris	EUR	125.00	125.00	125.00	125.00	11/11/21 11:30	CET	50	6250.00
COVIVIO	FR0000064578	COV	Euronext Paris	EUR	73.72	74.94	73.30	74.40	12/11/21 17:35	CET	53534	3978590.88
COVIVIO HOTELS	FR0000060303	COVH	Euronext Paris	EUR	16.30	16.40	16.05	16.05	12/11/21 17:35	CET	2216	35978.85
CRCAM ALP.PROV.CCI	FR0000044323	CRAP	Euronext Paris	EUR	83.49	84.47	83.49	84.00	12/11/21 17:35	CET	90	7585.16
CRCAM ATL.VEND.CCI	FR0000185506	CRAV	Euronext Paris	EUR	95.29	96.29	95.09	95.09	12/11/21 16:30	CET	212	20247.29
CRCAM BRIE PIC2CCI	FR0010483768	CRBP2	Euronext Paris	EUR	22.35	22.485	22.35	22.425	12/11/21 17:29	CET	4980	111481.02
CRCAM ILLE-VIL.CCI	FR0000045213	CIV	Euronext Paris	EUR	76.99	76.99	75.51	76.48	12/11/21 13:54	CET	193	14688.47
CRCAM LANGUED CCI	FR0010461053	CRLA	Euronext Paris	EUR	59.60	60.00	59.60	59.72	12/11/21 15:23	CET	488	29125.12
CRCAM LOIRE HTE L.	FR0000045239	CRLO	Euronext Paris	EUR	70.50	70.50	69.60	70.50	12/11/21 11:24	CET	130	9135.30
CRCAM MORBIHAN CCI	FR0000045551	CMO	Euronext Paris	EUR	72.13	72.21	72.13	72.21	12/11/21 17:11	CET	2	144.34
CRCAM NORD CCI	FR0000185514	CNF	Euronext Paris	EUR	22.545	22.60	22.50	22.60	12/11/21 16:23	CET	730	16441.195
CRCAM NORM.SEINE	FR0000044364	CCN	Euronext Paris	EUR	95.68	95.68	93.80	93.95	12/11/21 17:29	CET	500	47129.87
CRCAM PARIS ET IDF	FR0000045528	CAF	Euronext Paris	EUR	81.45	81.49	79.76	81.20	12/11/21 17:35	CET	818	66238.64
CRCAM SUD R.A.CCI	FR0000045346	CRSU	Euronext Paris	EUR	149.12	150.98	148.38	150.98	12/11/21 16:07	CET	223	33277.94
CRCAM TOURAINE CCI	FR0000045304	CRTO	Euronext Paris	EUR	86.99	86.99	86.00	86.99	12/11/21 17:35	CET	122	10538.15
CREDIT AGRICOLE	FR0000045072	ACA	Euronext Paris	EUR	12.884	12.942	12.66	12.732	12/11/21 17:35	CET	7374230	93949242.506
CROSSJECT	FR0011716265	ALCJ	Euronext Growth Paris	EUR	3.115	3.125	3.025	3.115	12/11/21 17:35	CET	100243	309182.00
CROSSWOOD	FR0000050395	CROS	Euronext Paris	EUR	6.70	6.70	6.70	6.70	10/11/21 11:30	CET	5	33.50
CS GROUP.	FR0007317813	SX	Euronext Paris	EUR	4.97	5.06	4.90	5.06	12/11/21 17:12	CET	4951	24692.44
CYBERGUN	FR0014004QR6	ALCYB	Euronext Growth Paris	EUR	0.3004	0.31	0.26	0.261	12/11/21 17:36	CET	3255131	909459.5296
CYBERGUN BSA 2	FR0013340817	CYBBT	Euronext Growth Paris	EUR	0.0005	0.0005	0.0005	0.0005	28/10/21 11:22	CET	126	0.06
CYBERGUN BSA K1	FR0013507977	CYBK1	Euronext Growth Paris	EUR	0.0015	0.0015	0.001	0.001	09/11/21 17:08	CET	1027134	1177.13
CYBERGUN BSA K2A	FR0013507985	CYBKA	Euronext Growth Paris	EUR	0.002	0.002	0.0015	0.0015	10/11/21 12:44	CET	106196	184.79
CYBERGUN BSA K2B	FR0013508009	CYBKB	Euronext Growth Paris	EUR	0.0015	0.0015	0.0015	0.0015	10/11/21 12:44	CET	66468	99.70
D.L.S.I.	FR0010404368	ALDLS	Euronext Growth Paris	EUR	13.95	13.95	13.45	13.45	12/11/21 17:29	CET	3300	44998.55
DAMARIS	FR0000077885	MLDAM	Euronext Access Paris	EUR	11.60	11.60	11.60	11.60	11/11/21 11:30	CET	1	11.60
DAMARTEX	FR0000185423	ALDAR	Euronext Growth Paris	EUR	21.40	21.60	21.20	21.40	12/11/21 17:07	CET	166	3549.80
DANONE	FR0000120644	BN	Euronext Paris	EUR	57.76	57.94	57.45	57.61	12/11/21 17:35	CET	867899	50030911.92
DASSAULT AVIATION	FR0014004L86	AM	Euronext Paris	EUR	93.75	94.30	92.60	92.65	12/11/21 17:35	CET	22649	2110419.75
DASSAULT SYSTEMES	FR0014003TT8	DSY	Euronext Paris	EUR	54.71	55.25	54.48	55.25	12/11/21 17:35	CET	703872	38729094.99
DBT	FR0013066750	ALDBT	Euronext Growth Paris	EUR	0.052	0.0527	0.05	0.0518	12/11/21 17:35	CET	5988502	306201.9776
DBV TECHNOLOGIES	FR0010417345	DBV	Euronext Paris	EUR	5.59	5.674	5.404	5.438	12/11/21 17:35	CET	441805	2439533.316
DEE TECH SHARES	FR0014003G01	DEE	Euronext Paris	EUR	9.76	9.76	9.75	9.75	12/11/21 14:43	CET	13279	129473.04
DEE TECH WARRANTS	FR0014003G19	DEEW	Euronext Paris	EUR	0.30	0.30	0.30	0.30	27/09/21 17:02	CET	2389	716.70
DEINOVE	FR0010879056	ALDEI	Euronext Growth Paris	EUR	0.465	0.469	0.442	0.468	12/11/21 17:29	CET	41710	19106.537
DEKUPLE	FR0000062978	DKUPL	Euronext Paris	EUR	20.30	20.30	19.75	20.10	12/11/21 17:02	CET	1461	29207.70
DELFINGEN	FR0000054132	ALDEL	Euronext Growth Paris	EUR	46.90	47.00	46.50	46.80	12/11/21 17:35	CET	331	15465.10
DELTA DRONE	FR0011522168	ALDR	Euronext Growth Paris	EUR	0.0032	0.0033	0.0031	0.0032	12/11/21 17:35	CET	10157567	32529.8008
DELTA DRONE BSA Y	FR0013400991	ALDBY	Euronext Growth Paris	EUR	0.0025	0.003	0.0025	0.003	10/11/21 11:40	CET	800000	2100.00
DELTA PLUS GROUP	FR0013283108	DLTA	Euronext Paris	EUR	88.50	88.50	86.70	88.00	12/11/21 17:35	CET	1231	107938.10
DERICHEBOURG	FR0000053381	DBG	Euronext Paris	EUR	10.41	10.47	10.30	10.38	12/11/21 17:35	CET	146603	1522946.41
DESIGN YOUR HOME	SE0007045380	MLDYH	Euronext Access Paris	EUR	0.11	0.12	0.11	0.12	27/11/18 16:44	CET	22581	2588.91
DEVERNOIS	FR0000060840	ALDEV	Euronext Growth Paris	EUR	14.00	14.00	14.00	14.00	02/11/21 17:12	CET	2	28.00
DEVOTEAM	FR0000073793	DVT	Euronext Paris	EUR	167.80	168.40	167.70	168.40	12/11/21 17:35	CET	778	130861.40
DIAGEO	GB0002374006	DGE	Euronext Paris	EUR	44.83	44.83	44.605	44.605	12/11/21 13:52	CET	362	16227.11
DIAGNOSTIC MEDICAL	FR0012202497	DGM	Euronext Paris	EUR	1.428	1.43	1.402	1.404	12/11/21 17:19	CET	11483	16253.718
DNXCORP	FR0010436584	ALDNX	Euronext Growth Paris	EUR	11.20	11.20	10.80	10.80	12/11/21 16:59	CET	234	2556.80
DOCK.PETR.AMBES AM	FR0000065260	DPAM	Euronext Paris	EUR	468.00	468.00	468.00	468.00	11/11/21 11:30	CET	1	468.00
DOLFINES	FR0014004QZ9	ALDOL	Euronext Growth Paris	EUR	0.39	0.39	0.375	0.38	12/11/21 17:08	CET	68395	26124.3014
DONTNOD	FR0013331212	ALDNE	Euronext Growth Paris	EUR	13.95	13.95	13.45	13.45	12/11/21 17:29	CET	3283	44939.85
DRONE VOLT	FR0013088606	ALDRV	Euronext Growth Paris	EUR	0.119	0.1277	0.119	0.1245	12/11/21 17:35	CET	1505329	186299.0819
DYNAFOND	FR0000052920	MLDYN	Euronext Access Paris	EUR	3.96	3.96	3.96	3.96	15/03/21 11:30	CET	15	59.40
DYNEX ENERGY SA	LU0881232630	MLDYX	Euronext Access Paris	EUR	2.66	2.66	2.66	2.66	05/11/21 16:30	CET	10	26.60
E PANGO	FR0014004339	ALAGO	Euronext Growth Paris	EUR	4.90	4.90	4.78	4.78	12/11/21 15:51	CET	1379	6637.39
EASSON HOLDINGS	HK0000038783	MLEAS	Euronext Access Paris	EUR	1.90	1.90	1.90	1.90	22/10/21 11:30	CET	50	95.00
EAUX DE ROYAN	FR0007200100	MLEDR	Euronext Access Paris	EUR	107.00	107.00	107.00	107.00	12/11/21 16:30	CET	11	1177.00
EAVS	FR0010536185	MLEAV	Euronext Access Paris	EUR	10.30	10.30	10.30	10.30	05/05/21 11:30	CET	145	1493.50
ECOLUTIONS	DE000A0XYM45	MLECO	Euronext Access Paris	EUR	1.25	1.25	1.25	1.25	21/12/16 15:00	CET	100	125.00
ECOMIAM	FR0013534617	ALECO	Euronext Growth Paris	EUR	15.76	15.76	15.52	15.52	12/11/21 17:35	CET	1861	29095.44
ECOSLOPS	FR0011490648	ALESA	Euronext Growth Paris	EUR	8.84	8.90	8.80	8.88	12/11/21 17:35	CET	3516	31073.72
EDENRED	FR0010908533	EDEN	Euronext Paris	EUR	43.55	43.92	43.51	43.74	12/11/21 17:35	CET	554448	24235357.92
EDF	FR0010242511	EDF	Euronext Paris	EUR	12.405	12.495	12.355	12.405	12/11/21 17:35	CET	2308502	28673786.43
EDILIZIACROBATICA	IT0005351504	ALEAC	Euronext Growth Paris	EUR	18.30	18.30	18.10	18.10	12/11/21 15:32	CET	1390	25171.70
EDITIONS DU SIGNE	FR0000052755	MLEDS	Euronext Access Paris	EUR	0.31	0.31	0.31	0.31	12/11/21 16:30	CET	100	31.00
EDUNIVERSAL	FR0010439265	MLEDU	Euronext Access Paris	EUR	8.42	8.42	8.42	8.42	18/04/12 15:00	CET	850	7157.00
EES	FR0010945733	MLEES	Euronext Access Paris	EUR	0.282	0.282	0.282	0.282	06/08/20 16:30	CET	20	5.64
EGIDE	FR0000072373	GID	Euronext Paris	EUR	1.165	1.18	1.14	1.165	12/11/21 17:15	CET	40375	46599.20
EIFFAGE	FR0000130452	FGR	Euronext Paris	EUR	90.72	90.88	89.12	90.76	12/11/21 17:35	CET	152359	13779876.92
EKINOPS	FR0011466069	EKI	Euronext Paris	EUR	7.89	7.93	7.83	7.89	12/11/21 17:35	CET	18206	143565.68
ELEC.STRASBOURG	FR0000031023	ELEC	Euronext Paris	EUR	116.50	116.50	115.00	115.00	12/11/21 16:52	CET	63	7268.00
ELECT. MADAGASCAR	FR0000035719	EEM	Euronext Paris	EUR	3.28	3.28	3.28	3.28	03/02/20 16:30	CET	1034	3391.52
ELIOR GROUP	FR0011950732	ELIOR	Euronext Paris	EUR	6.30	6.30	6.15	6.15	12/11/21 17:35	CET	333091	2067826.83
ELIS	FR0012435121	ELIS	Euronext Paris	EUR	16.04	16.17	15.90	15.93	12/11/21 17:35	CET	275946	4409213.57
EMOVA GROUP	FR0013356755	ALEMV	Euronext Growth Paris	EUR	1.55	1.55	1.505	1.525	12/11/21 17:35	CET	17647	27288.34
ENCRES DUBUIT	FR0004030708	ALDUB	Euronext Growth Paris	EUR	3.82	3.82	3.82	3.82	12/11/21 09:00	CET	1	3.82
ENENSYS	FR0013330792	ALNN6	Euronext Growth Paris	EUR	1.055	1.08	0.974	1.05	03/11/20 17:35	CET	49208	51864.34
ENERGISME	FR0013399359	ALNRG	Euronext Growth Paris	EUR	3.35	3.38	3.22	3.36	12/11/21 17:35	CET	12625	41969.12
ENERTIME	FR0011915339	ALENE	Euronext Growth Paris	EUR	2.66	2.84	2.635	2.81	12/11/21 17:35	CET	148542	410958.46
ENGIE	FR0010208488	ENGI	Euronext Paris, Brussels	EUR	13.12	13.216	13.006	13.16	12/11/21 17:35	CET	3762189	49502633.022
ENOGIA	FR0014004974	ALENO	Euronext Growth Paris	EUR	10.45	10.45	10.30	10.40	12/11/21 16:53	CET	403	4190.40
ENTECH	FR0014004362	ALESE	Euronext Growth Paris	EUR	6.80	7.10	6.80	6.86	12/11/21 17:14	CET	9575	66529.72
ENTREPARTICULIERS	FR0010424697	ALENT	Euronext Growth Paris	EUR	5.80	5.95	5.75	5.90	12/11/21 17:35	CET	4041	23554.15
ENTREPRENDRE	FR0000045122	ALENR	Euronext Growth Paris	EUR	7.30	7.30	7.30	7.30	11/11/21 11:41	CET	423	3087.90
ENVEA	FR0010278762	ALTEV	Euronext Growth Paris	EUR	138.50	139.00	138.50	139.00	12/11/21 17:24	CET	37	5137.00
EO2	FR0010465534	ALEO2	Euronext Growth Paris	EUR	4.83	4.86	4.83	4.86	12/11/21 17:26	CET	13	63.15
ERAMET	FR0000131757	ERA	Euronext Paris	EUR	73.25	73.25	71.55	72.25	12/11/21 17:35	CET	67629	4885966.60
ERYTECH PHARMA	FR0011471135	ERYP	Euronext Paris	EUR	2.18	2.29	2.18	2.24	12/11/21 17:35	CET	179158	401770.925
ESI GROUP	FR0004110310	ESI	Euronext Paris	EUR	70.00	70.00	69.60	70.00	12/11/21 15:44	CET	5201	364062.40
ESKER	FR0000035818	ALESK	Euronext Growth Paris	EUR	323.00	336.00	322.00	331.50	12/11/21 17:35	CET	18290	6046169.50
ESPERITE	NL0009272137	ESP	Euronext Amsterdam, Paris	EUR	0.0266	0.0266	0.0261	0.0262	12/11/21 11:15	CET	95000	2512.3431
ESSILORLUXOTTICA	FR0000121667	EL	Euronext Paris	EUR	181.80	184.04	181.28	183.10	12/11/21 17:39	CET	495365	90677096.96
ESSO	FR0000120669	ES	Euronext Paris	EUR	14.95	15.20	14.60	14.80	12/11/21 17:35	CET	11954	178385.15
EURASIA FONC INV	FR0000061475	EFI	Euronext Paris	EUR	0.45	0.45	0.45	0.45	12/11/21 16:30	CET	6	2.70
EURASIA GROUPE	FR0010844001	ALEUA	Euronext Growth Paris	EUR	4.28	4.30	4.28	4.30	12/11/21 10:32	CET	316	1356.78
EURAZEO	FR0000121121	RF	Euronext Paris	EUR	79.05	79.05	78.55	79.00	12/11/21 17:35	CET	54747	4315571.60
EURO RESSOURCES	FR0000054678	EUR	Euronext Paris	EUR	2.98	2.98	2.91	2.92	12/11/21 17:08	CET	2569	7519.08
EUROBIO-SCIENTIFIC	FR0013240934	ALERS	Euronext Growth Paris	EUR	17.00	17.10	16.70	16.71	12/11/21 17:35	CET	15922	268687.62
EUROFINS CEREP	FR0013256518	ALECR	Euronext Growth Paris	EUR	18600.00	18600.00	18600.00	18600.00	12/11/21 16:30	CET	2	37200.00
EUROFINS SCIENT.	FR0014000MR3	ERF	Euronext Paris	EUR	104.70	106.34	103.78	105.98	12/11/21 17:35	CET	290738	30737318.70
EUROLAND CORPORATE	FR0010157115	MLERO	Euronext Access Paris	EUR	2.44	2.44	2.44	2.44	12/11/21 11:34	CET	419	1022.36
EUROLOG CANOLA	ES0105586004	MLCAN	Euronext Access Paris	EUR	1320.00	1320.00	1320.00	1320.00	11/08/21 00:00	CET	-	-
EUROMEDIS GROUPE	FR0000075343	ALEMG	Euronext Growth Paris	EUR	9.03	9.04	8.76	8.90	12/11/21 17:35	CET	4542	40393.26
EURONEXT	NL0006294274	ENX	Euronext Paris, Amsterdam, Brussels	EUR	94.00	94.40	93.55	93.95	12/11/21 17:35	CET	210574	19790181.90
EUROPACORP	FR0010490920	ECP	Euronext Paris	EUR	0.776	0.783	0.751	0.773	12/11/21 17:35	CET	22011	16811.538
EUROPCAR MOBILITY	FR0012789949	EUCAR	Euronext Paris	EUR	0.5094	0.5186	0.5086	0.5136	12/11/21 17:35	CET	13433948	6879654.5602
EUROPLASMA	FR0013514114	ALEUP	Euronext Growth Paris	EUR	0.25	0.2508	0.238	0.24	12/11/21 17:35	CET	1758541	428459.4528
EUROPLASMA BSC	FR0013294089	EURBU	Euronext Growth Paris	EUR	0.0005	0.0005	0.0005	0.0005	28/09/21 13:20	CET	1000	0.50
EUTELSAT COMMUNIC.	FR0010221234	ETL	Euronext Paris	EUR	13.36	13.42	13.215	13.25	12/11/21 17:35	CET	673955	8952067.375
EVERGREEN	FR0000035784	EGR	Euronext Paris	EUR	3.04	3.08	3.00	3.02	12/11/21 17:02	CET	11102	33858.48
EVERSET	FR0000044745	MLEVE	Euronext Access Paris	EUR	0.406	0.406	0.406	0.406	22/03/21 11:30	CET	6535	2653.21
EVOLIS	FR0004166197	ALTVO	Euronext Growth Paris	EUR	27.20	27.20	27.00	27.00	12/11/21 16:58	CET	150	4070.00
EXACOMPTA CLAIREF.	FR0000064164	ALEXA	Euronext Growth Paris	EUR	96.00	96.00	95.00	95.00	12/11/21 16:30	CET	31	2966.00
EXCLUSIVE NETWORKS	FR0014005DA7	EXN	Euronext Paris	EUR	19.90	19.90	19.158	19.50	12/11/21 17:35	CET	3390	66245.966
EXEL INDUSTRIES	FR0004527638	EXE	Euronext Paris	EUR	78.00	78.60	78.00	78.60	12/11/21 17:35	CET	73	5717.60
EXPLOSIFS PROD.CHI	FR0014003AQ4	EXPL	Euronext Paris	EUR	68.00	68.00	66.50	66.50	12/11/21 16:30	CET	41	2786.50
FACEPHI	ES0105029005	ALPHI	Euronext Growth Paris	EUR	4.495	4.495	4.495	4.495	12/11/21 14:12	CET	1	4.495
FAIFEY INVEST	ES0105553004	MLECE	Euronext Access Paris	EUR	19.80	19.80	19.80	19.80	29/07/21 00:00	CET	-	-
FASHION B AIR	FR0004034593	ALFBA	Euronext Growth Paris	EUR	0.33	0.33	0.33	0.33	11/11/21 09:02	CET	100	33.00
FAURECIA	FR0000121147	EO	Euronext Paris	EUR	45.90	47.25	45.90	47.25	12/11/21 17:35	CET	499785	23452922.99
FAUVET GIREL	FR0000063034	FAUV	Euronext Paris	EUR	22.60	22.80	22.60	22.80	12/11/21 16:30	CET	20	454.00
FAYENC.SARREGUEMI.	FR0000031973	FAYE	Euronext Paris	EUR	26.60	26.60	26.60	26.60	12/11/21 11:30	CET	5	133.00
FD	FR0012300424	MLFDV	Euronext Access Paris	EUR	1.15	1.15	1.15	1.15	11/11/21 14:27	CET	203	233.45
FDJ	FR0013451333	FDJ	Euronext Paris	EUR	44.45	44.46	43.81	43.84	12/11/21 17:35	CET	147274	6474130.79
FERM.CAS.MUN.CANNE	FR0000062101	FCMC	Euronext Paris	EUR	1350.00	1350.00	1350.00	1350.00	11/11/21 11:30	CET	1	1350.00
FERMENTALG	FR0011271600	FALG	Euronext Paris	EUR	3.27	3.27	3.09	3.11	12/11/21 17:35	CET	255269	806189.915
FIDUCIAL OFF.SOL.	FR0000061418	SACI	Euronext Paris	EUR	27.60	27.60	27.60	27.60	12/11/21 11:30	CET	1	27.60
FIDUCIAL REAL EST.	FR0000060535	ORIA	Euronext Paris	EUR	182.00	182.00	182.00	182.00	12/11/21 11:30	CET	1	182.00
FIGEAC AERO	FR0011665280	FGA	Euronext Paris	EUR	5.58	5.62	5.56	5.56	12/11/21 17:28	CET	1825	10167.17
FILAE	FR0010221069	ALFIL	Euronext Growth Paris	EUR	20.75	20.75	20.75	20.75	12/11/21 09:55	CET	500	10375.00
FIN.ETANG BERRE	FR0000062341	BERR	Euronext Paris	EUR	5.65	5.65	5.65	5.65	01/11/21 11:30	CET	1	5.65
FIN.ETANG BERRE PF	FR0000062507	EBPF	Euronext Paris	EUR	112.00	112.00	112.00	112.00	08/10/21 11:30	CET	30	3360.00
FIN.OUEST AFRICAIN	SN0000033192	FOAF	Euronext Paris	EUR	18.90	18.90	18.90	18.90	05/11/21 11:30	CET	100	1890.00
FINANCIERE MARJOS	FR0000060824	FINM	Euronext Paris	EUR	0.234	0.234	0.234	0.234	11/11/21 11:30	CET	1000	234.00
FINATIS	FR0000035123	FNTS	Euronext Paris	EUR	31.20	31.20	31.20	31.20	11/11/21 16:30	CET	1	31.20
FINAXO	FR0010487272	MLFXO	Euronext Access Paris	EUR	4.70	4.70	4.70	4.70	25/07/18 16:30	CET	1000	4700.00
FIPP	FR0000038184	FIPP	Euronext Paris	EUR	0.15	0.159	0.15	0.159	11/11/21 16:37	CET	10200	1600.92
FIRSTCAUTION	CH0120879058	MLFIR	Euronext Access Paris	EUR	19.50	19.50	19.50	19.50	18/05/21 11:30	CET	51	994.50
FLEURY MICHON	FR0000074759	ALFLE	Euronext Growth Paris	EUR	22.10	22.50	22.10	22.50	12/11/21 17:28	CET	710	15831.20
FNAC DARTY	FR0011476928	FNAC	Euronext Paris	EUR	57.00	57.25	56.30	56.35	12/11/21 17:35	CET	26708	1515750.25
FNPTECHNOLOGIESSA	FR0013230067	MLFNP	Euronext Access Paris	EUR	0.83	0.83	0.83	0.83	12/11/21 16:30	CET	2100	1743.00
FOCUS HOME INT	FR0012419307	ALFOC	Euronext Growth Paris	EUR	40.95	40.95	40.10	40.40	12/11/21 17:35	CET	5546	224476.55
FONC. PARIS NORD	FR0011277391	FPN	Euronext Paris	EUR	0.041	0.043	0.0402	0.042	12/11/21 17:26	CET	1916176	78915.1336
FONCIERE 7 INVEST	FR0000065930	LEBL	Euronext Paris	EUR	0.99	0.99	0.99	0.99	18/10/21 16:30	CET	10	9.90
FONCIERE ATLAND	FR0013455482	FATL	Euronext Paris	EUR	42.40	42.80	42.40	42.80	12/11/21 09:15	CET	121	5157.40
FONCIERE EURIS	FR0000038499	EURS	Euronext Paris	EUR	10.00	10.20	10.00	10.20	12/11/21 16:30	CET	299	3019.60
FONCIERE INEA	FR0010341032	INEA	Euronext Paris	EUR	45.00	45.00	45.00	45.00	12/11/21 17:36	CET	145	6525.00
FONCIERE LYONNAISE	FR0000033409	FLY	Euronext Paris	EUR	76.80	77.60	76.80	77.40	12/11/21 17:35	CET	131	10152.80
FONCIERE VINDI	FR0011605617	MLVIN	Euronext Access Paris	EUR	2.36	2.36	2.36	2.36	15/10/21 16:30	CET	499	1177.64
FONCIERE VOLTA	FR0000053944	SPEL	Euronext Paris	EUR	7.45	7.45	7.45	7.45	11/11/21 11:30	CET	2	14.90
FORESTIERE EQUAT.	CI0000053161	FORE	Euronext Paris	EUR	760.00	760.00	760.00	760.00	12/11/21 12:35	CET	9	6840.00
FORSEE POWER	FR0014005SB3	FORSE	Euronext Paris	EUR	7.00	7.25	7.00	7.00	12/11/21 17:35	CET	34935	246840.21
FOUNTAINE PAJOT	FR0010485268	ALFPC	Euronext Growth Paris	EUR	129.80	130.00	128.60	129.00	12/11/21 17:35	CET	521	67446.40
FRANCAISE ENERGIE	FR0013030152	LFDE	Euronext Paris	EUR	28.20	28.50	27.20	27.80	12/11/21 17:35	CET	9330	258571.10
FRANCE SOIR GROUPE	FR0013222346	MLFSG	Euronext Access Paris	EUR	0.004	0.004	0.004	0.004	12/11/21 11:30	CET	20	0.08
FRANCE TOURISME	FR0010823724	MLFTI	Euronext Access Paris	EUR	0.042	0.042	0.042	0.042	12/11/21 17:23	CET	9399	394.758
FREELANCE.COM	FR0004187367	ALFRE	Euronext Growth Paris	EUR	7.36	7.54	7.35	7.52	12/11/21 17:35	CET	14367	106538.67
FREY	FR0010588079	FREY	Euronext Paris	EUR	33.00	33.20	33.00	33.20	12/11/21 16:30	CET	71	2351.00
G.A.I.	FR0000053415	MLGAI	Euronext Access Paris	EUR	80.00	80.00	80.00	80.00	08/06/21 16:30	CET	4500	360000.00
GALEO	FR0011100759	MLGAL	Euronext Access Paris	EUR	2.54	2.54	2.54	2.54	12/11/21 11:30	CET	159	403.86
GALIMMO	FR0000030611	GALIM	Euronext Paris	EUR	16.80	16.80	16.80	16.80	12/11/21 11:30	CET	1	16.80
GASCOGNE	FR0000124414	ALBI	Euronext Growth Paris	EUR	3.80	3.88	3.60	3.60	12/11/21 17:35	CET	26859	98311.44
GAUMONT	FR0000034894	GAM	Euronext Paris	EUR	103.00	103.00	103.00	103.00	12/11/21 15:41	CET	35	3605.00
GAUSSIN	FR0013495298	ALGAU	Euronext Growth Paris	EUR	7.61	7.62	6.85	6.95	12/11/21 17:38	CET	918453	6695687.762
GEA GRENOBL.ELECT.	FR0000053035	GEA	Euronext Paris	EUR	102.00	102.00	102.00	102.00	12/11/21 09:00	CET	2	204.00
GECI INTL	FR0000079634	ALGEC	Euronext Growth Paris	EUR	0.0102	0.0104	0.0101	0.0103	12/11/21 17:35	CET	711650	7265.2252
GECINA	FR0010040865	GFC	Euronext Paris	EUR	120.70	121.95	120.20	121.70	12/11/21 17:35	CET	56143	6825292.55
GENERAL ELECTRIC	US3696043013	GNE	Euronext Paris	EUR	92.40	94.00	92.40	93.74	12/11/21 17:35	CET	1594	149020.21
GENERIX GROUP	FR0010501692	GENX	Euronext Paris	EUR	8.90	8.90	8.88	8.88	12/11/21 15:56	CET	396	3517.92
GENEURO	CH0308403085	GNRO	Euronext Paris	EUR	3.84	3.84	3.84	3.84	12/11/21 09:00	CET	26	99.84
GENFIT	FR0004163111	GNFT	Euronext Paris	EUR	3.158	3.196	3.136	3.142	12/11/21 17:35	CET	40635	128420.298
GENOMIC VISION	FR0011799907	GV	Euronext Paris	EUR	0.3225	0.3349	0.3146	0.319	12/11/21 17:35	CET	1004203	321783.322
GENOWAY	FR0004053510	ALGEN	Euronext Growth Paris	EUR	4.72	4.735	4.60	4.64	12/11/21 17:35	CET	12494	58286.43
GENSIGHT BIOLOGICS	FR0013183985	SIGHT	Euronext Paris	EUR	5.29	5.60	5.29	5.415	12/11/21 17:35	CET	309062	1688689.905
GENTLEMENS EQUITY	PTGVE1AE0009	MLGEQ	Euronext Access Paris	EUR	0.08	0.08	0.08	0.08	22/03/21 16:30	CET	3	0.24
GEP BSA 2020	FR0013483047	GEPBS	Euronext Growth Paris	EUR	-	-	-	-	-	CET	-	-
GETLINK SE	FR0010533075	GET	Euronext Paris	EUR	13.80	13.825	13.69	13.795	12/11/21 17:35	CET	310787	4281798.52
GEVELOT	FR0000033888	ALGEV	Euronext Growth Paris	EUR	171.00	171.00	171.00	171.00	12/11/21 16:30	CET	19	3249.00
GL EVENTS	FR0000066672	GLO	Euronext Paris	EUR	19.62	19.72	19.38	19.44	12/11/21 17:35	CET	14782	289392.46
GLOBAL BIOENERGIES	FR0011052257	ALGBE	Euronext Growth Paris	EUR	5.16	5.33	5.09	5.15	12/11/21 17:35	CET	14379	74588.88
GLOBAL PIELAGO	ES0105537007	MLNDG	Euronext Access Paris	EUR	4.92	4.92	4.92	4.92	16/04/21 00:00	CET	-	-
GOLD BY GOLD	FR0011208693	ALGLD	Euronext Growth Paris	EUR	1.25	1.30	1.25	1.30	12/11/21 16:30	CET	2205	2762.85
GOUR MEDICAL	FR0013371507	MLGML	Euronext Access Paris	EUR	0.062	0.062	0.062	0.062	08/11/21 16:30	CET	499	30.94
GPE GROUP PIZZORNO	FR0010214064	GPE	Euronext Paris	EUR	30.00	30.60	29.60	30.40	12/11/21 16:53	CET	760	23072.00
GPE PAROT (AUTO)	FR0013204070	ALPAR	Euronext Growth Paris	EUR	2.78	2.80	2.65	2.80	12/11/21 17:35	CET	2516	6815.86
GRAINES VOLTZ	FR0000065971	GRVO	Euronext Paris	EUR	138.50	139.00	137.00	139.00	12/11/21 17:28	CET	511	70632.00
GRECEMAR	FR0013406881	MLCMG	Euronext Access Paris	EUR	5.90	5.90	5.90	5.90	12/11/21 16:30	CET	5000	29500.00
GROUPE CARNIVOR	FR0000076960	MLGRC	Euronext Access Paris	EUR	17.50	17.50	17.50	17.50	09/08/21 11:30	CET	72	1260.00
GROUPE CASOL	FR0014003RM7	MLCAS	Euronext Access Paris	EUR	2.15	2.15	2.15	2.15	12/11/21 16:30	CET	1379	2964.85
GROUPE CRIT	FR0000036675	CEN	Euronext Paris	EUR	66.70	66.90	66.50	66.90	12/11/21 17:35	CET	383	25543.00
GROUPE FLO	FR0014004X25	FLO	Euronext Paris	EUR	16.00	16.00	16.00	16.00	12/11/21 17:35	CET	149	2384.00
GROUPE GORGE	FR0000062671	GOE	Euronext Paris	EUR	16.80	16.80	16.26	16.26	12/11/21 17:35	CET	18996	313328.90
GROUPE GUILLIN	FR0012819381	ALGIL	Euronext Growth Paris	EUR	27.40	27.40	26.90	27.10	12/11/21 17:35	CET	17846	480772.60
GROUPE IRD	FR0000124232	IRD	Euronext Paris	EUR	25.22	25.22	25.22	25.22	12/11/21 09:00	CET	1	25.22
GROUPE JAJ	FR0004010338	GJAJ	Euronext Paris	EUR	1.60	1.60	1.60	1.60	08/11/21 16:30	CET	108	172.80
GROUPE LDLC	FR0000075442	ALLDL	Euronext Growth Paris	EUR	53.60	53.90	52.50	52.80	12/11/21 17:35	CET	5148	273039.40
GROUPE OPEN	FR0004050300	OPN	Euronext Paris	EUR	23.80	24.00	23.80	24.00	12/11/21 16:38	CET	446	10698.80
GROUPE PARTOUCHE	FR0012612646	PARP	Euronext Paris	EUR	20.80	20.90	20.70	20.90	12/11/21 17:00	CET	86	1786.00
GROUPE PLUS-VALUES	FR0010529719	MLPVG	Euronext Access Paris	EUR	0.01	0.01	0.01	0.01	18/03/13 15:00	CET	20000	200.00
GROUPE SFPI	FR0004155000	SFPI	Euronext Paris	EUR	3.775	3.84	3.77	3.81	12/11/21 17:35	CET	19502	74220.07
GROUPE TERA	FR0013429404	ALGTR	Euronext Growth Paris	EUR	4.52	4.52	4.36	4.36	12/11/21 15:27	CET	31	135.32
GROUPIMO	FR0014000RP6	ALIMO	Euronext Growth Paris	EUR	1.56	1.56	1.56	1.56	11/11/21 16:30	CET	10	15.60
GT BIOPHARMA INC	US36254L1008	GTBP	Euronext Paris	EUR	0.55	0.55	0.55	0.55	24/12/20 11:30	CET	211	116.05
GTT	FR0011726835	GTT	Euronext Paris	EUR	66.15	66.45	65.65	66.05	12/11/21 17:35	CET	31699	2095105.05
GUANDAO PUER INVES	LU1840650458	MLGDI	Euronext Access Paris	EUR	0.94	0.94	0.94	0.94	28/06/21 14:05	CET	510	479.40
GUERBET	FR0000032526	GBT	Euronext Paris	EUR	36.75	37.30	36.65	37.00	12/11/21 17:35	CET	4513	167120.00
GUILLEMOT	FR0000066722	GUI	Euronext Paris	EUR	15.50	15.50	15.06	15.18	12/11/21 17:35	CET	18191	277624.66
H2O INNOVATION INC	CA4433003064	ALHEO	Euronext Growth Paris	EUR	1.65	1.65	1.65	1.65	12/11/21 11:30	CET	388	640.20
HAMILTON GLOBAL OP	GB00BMDXQ672	ALHGO	Euronext Growth Paris	EUR	49.005	49.005	49.005	49.005	12/11/21 09:00	CET	1	49.005
HAULOTTE GROUP	FR0000066755	PIG	Euronext Paris	EUR	4.97	5.00	4.95	4.95	12/11/21 17:35	CET	13545	67212.325
HDF	FR0014003VY4	HDF	Euronext Paris	EUR	29.65	29.65	29.20	29.50	12/11/21 17:35	CET	2017	59316.65
HEALTH	FR0013251584	MLAHC	Euronext Access Paris	EUR	0.80	0.80	0.80	0.80	12/11/21 16:30	CET	312	249.60
HEALTHCARE ACTIVOS	ES0105498002	MLHAY	Euronext Access Paris	EUR	1.43	1.43	1.43	1.43	30/09/20 00:00	CET	-	-
HERIGE	FR0000066540	ALHRG	Euronext Growth Paris	EUR	49.80	49.90	48.90	49.70	12/11/21 17:35	CET	921	45486.60
HERMES INTL	FR0000052292	RMS	Euronext Paris	EUR	1440.00	1479.50	1440.00	1478.50	12/11/21 17:39	CET	43047	63182973.00
HEXAOM	FR0004159473	HEXA	Euronext Paris	EUR	42.70	42.90	42.10	42.30	12/11/21 17:35	CET	937	39936.00
HF COMPANY	FR0000038531	ALHF	Euronext Growth Paris	EUR	7.02	7.06	7.00	7.02	12/11/21 17:35	CET	656	4611.52
HIGH CO	FR0000054231	HCO	Euronext Paris	EUR	5.44	5.52	5.44	5.44	12/11/21 17:25	CET	10870	59479.42
HIOLLE INDUSTRIES	FR0000077562	ALHIO	Euronext Growth Paris	EUR	3.82	3.82	3.71	3.71	12/11/21 15:37	CET	4723	17651.77
HIPAY GROUP	FR0012821916	ALHYP	Euronext Growth Paris	EUR	17.30	17.30	16.78	16.86	12/11/21 17:12	CET	1957	33575.82
HITECHPROS	FR0010396309	ALHIT	Euronext Growth Paris	EUR	16.10	16.10	16.10	16.10	12/11/21 11:30	CET	88	1416.80
HK	DE000A11Q133	MLHK	Euronext Access Paris	EUR	82.00	82.00	82.00	82.00	12/11/21 13:27	CET	1	82.00
HOCHE BAINS L.BAIN	FR0000051302	MLHBB	Euronext Access Paris	EUR	39.00	39.00	39.00	39.00	08/11/21 12:38	CET	37	1443.00
HOFFMANN	FR0013451044	ALHGR	Euronext Growth Paris	EUR	27.00	27.20	26.50	26.80	12/11/21 17:35	CET	5826	155485.20
Holcim Ltd	CH0012214059	HOLN	Euronext Paris	EUR	45.18	45.87	45.18	45.735	12/11/21 17:35	CET	30086	1373976.475
HOME CONCEPT	FR0012336691	MLHCF	Euronext Access Paris	EUR	15.50	15.50	15.50	15.50	24/12/20 11:30	CET	10	155.00
HOPENING	FR0010312181	MLHPE	Euronext Access Paris	EUR	3.40	3.40	3.40	3.40	04/11/21 16:30	CET	162	550.80
HOPIUM	FR0014000U63	MLHPI	Euronext Access Paris	EUR	24.85	24.85	24.84	24.84	12/11/21 16:30	CET	1524	37867.94
HOPSCOTCH GROUPE	FR0000065278	HOP	Euronext Paris	EUR	9.36	9.36	9.36	9.36	12/11/21 09:00	CET	1	9.36
HOT.MAJESTIC CANNE	FR0006226791	MLHMC	Euronext Access Paris	EUR	3920.00	3920.00	3920.00	3920.00	06/08/21 16:30	CET	1	3920.00
HOTELIM	FR0000053738	MLHOT	Euronext Access Paris	EUR	32.80	32.80	32.80	32.80	01/11/21 11:30	CET	1	32.80
HOTELS DE PARIS	FR0004165801	HDP	Euronext Paris	EUR	2.16	2.16	2.16	2.16	12/11/21 16:30	CET	150	324.00
HOTL.IMMOB.NICE	FR0006563904	MLHIN	Euronext Access Paris	EUR	214.00	214.00	214.00	214.00	10/11/21 16:30	CET	45	9630.00
HYBRIGENICS	FR0004153930	ALHYG	Euronext Growth Paris	EUR	0.1506	0.152	0.1354	0.143	12/11/21 17:35	CET	2280713	332667.9044
HYDRAULIQUE PB	FR0000064735	MLHYD	Euronext Access Paris	EUR	500.00	500.00	500.00	500.00	22/10/21 16:30	CET	1	500.00
HYDRO-EXPLOIT.	FR0005843125	MLHYE	Euronext Access Paris	EUR	84.00	84.00	84.00	84.00	05/11/21 16:30	CET	20	1680.00
HYDROGEN REFUELING	FR0014001PM5	ALHRS	Euronext Growth Paris	EUR	31.40	31.60	30.55	30.55	12/11/21 17:35	CET	9967	308620.55
I.CERAM	FR0014005IU4	ALICR	Euronext Growth Paris	EUR	25.30	25.30	24.74	24.80	12/11/21 15:07	CET	220	5497.22
I2PO SHARES	FR0014004J15	I2PO	Euronext Paris	EUR	9.80	9.80	9.80	9.80	03/11/21 17:15	CET	20000	196000.00
I2PO WARRANTS	FR0014004JF6	I2POW	Euronext Paris	EUR	0.299	0.30	0.299	0.30	28/09/21 16:39	CET	25000	7495.00
I2S	FR0005854700	ALI2S	Euronext Growth Paris	EUR	4.60	4.60	4.60	4.60	12/11/21 16:30	CET	727	3344.20
IANTE INVESTMENTS	ES0105479002	MLINT	Euronext Access Paris	EUR	4.62	4.62	4.62	4.62	29/05/20 00:00	CET	-	-
ICADE	FR0000035081	ICAD	Euronext Paris	EUR	67.50	67.75	66.90	66.95	12/11/21 17:36	CET	33849	2271220.00
ID LOGISTICS GROUP	FR0010929125	IDL	Euronext Paris	EUR	331.50	334.00	328.50	334.00	12/11/21 17:35	CET	1442	479660.50
IDI	FR0000051393	IDIP	Euronext Paris	EUR	49.50	49.90	49.00	49.90	12/11/21 17:28	CET	1585	78579.90
IDS	FR0000079691	MLIDS	Euronext Access Paris	EUR	0.675	0.675	0.675	0.675	12/11/21 16:30	CET	42	28.35
IDSUD	FR0000062184	ALIDS	Euronext Growth Paris	EUR	192.00	195.00	192.00	194.50	11/11/21 10:40	CET	94	18212.00
IGE + XAO	FR0000030827	IGE	Euronext Paris	EUR	260.00	264.00	260.00	264.00	12/11/21 14:42	CET	28	7294.00
IGIS NEPTUNE	ES0105551008	MLABC	Euronext Access Paris	EUR	11.43	11.43	11.43	11.43	31/08/21 00:00	CET	-	-
IKONISYS	FR00140048X2	ALIKO	Euronext Growth Paris	EUR	2.73	2.77	2.70	2.70	12/11/21 17:35	CET	4703	12746.30
IMALLIANCE	FR0010086371	MLIML	Euronext Access Paris	EUR	0.20	0.20	0.20	0.20	12/11/21 11:30	CET	50	10.00
IMERYS	FR0000120859	NK	Euronext Paris	EUR	37.52	38.08	37.22	37.80	12/11/21 17:35	CET	51163	1930992.60
IMM.PARIS.PERLE	FR0006859039	MLIPP	Euronext Access Paris	EUR	45.00	45.00	45.00	45.00	08/06/21 11:30	CET	12	540.00
IMMERSION	FR0013060100	ALIMR	Euronext Growth Paris	EUR	5.50	5.50	5.50	5.50	12/11/21 17:16	CET	4708	25894.00
IMMOB.DASSAULT	FR0000033243	IMDA	Euronext Paris	EUR	64.40	64.40	63.40	64.40	12/11/21 16:57	CET	348	22265.00
IMPLANET	FR0013470168	ALIMP	Euronext Growth Paris	EUR	0.4245	0.4245	0.41	0.419	12/11/21 17:19	CET	47714	19808.0385
IMPRIMERIE CHIRAT	FR0000065773	MLIMP	Euronext Access Paris	EUR	6.55	6.55	6.55	6.55	12/11/21 11:30	CET	1	6.55
IMPULSE FITNESS	ES0105590006	MLIFS	Euronext Access Paris	EUR	9.70	9.70	9.70	9.70	10/11/21 11:30	CET	100	970.00
INDLE FIN.ENTREPR.	FR0000066219	INFE	Euronext Paris	EUR	48.20	48.20	48.20	48.20	12/11/21 16:51	CET	170	8194.00
INFOCLIP	FR0011158823	MLIFC	Euronext Access Paris	EUR	2.00	2.00	2.00	2.00	08/11/21 17:19	CET	714	1428.00
INFOTEL	FR0000071797	INF	Euronext Paris	EUR	53.10	53.30	53.10	53.10	12/11/21 17:35	CET	544	28922.50
INMARK	ES0105511002	MLINM	Euronext Access Paris	EUR	17.90	17.90	17.90	17.90	08/04/21 00:00	CET	-	-
INMOSUPA	ES0105473005	MLISP	Euronext Access Paris	EUR	1.62	1.62	1.62	1.62	06/04/20 00:00	CET	-	-
INNATE PHARMA	FR0010331421	IPH	Euronext Paris	EUR	4.56	4.768	4.49	4.536	12/11/21 17:35	CET	490675	2272255.828
INNELEC MULTIMEDIA	FR0000064297	ALINN	Euronext Growth Paris	EUR	7.96	8.02	7.94	8.02	12/11/21 17:23	CET	1319	10538.22
INNOVADERMA PLC	GB00BT9PTW34	MLIDP	Euronext Access Paris	EUR	0.70	0.70	0.70	0.70	05/09/16 15:00	CET	75	52.50
INNOVATIVE RFK SPA	IT0005391161	MLIRF	Euronext Access Paris	EUR	1.18	1.29	1.18	1.29	12/11/21 16:30	CET	2899	3717.82
INSTALLUX	FR0000060451	ALLUX	Euronext Growth Paris	EUR	402.00	402.00	402.00	402.00	12/11/21 14:00	CET	1	402.00
INTEGRAGEN	FR0010908723	ALINT	Euronext Growth Paris	EUR	1.208	1.208	1.19	1.206	12/11/21 12:04	CET	105	125.464
INTEGRITAS VIAGER	FR0014003FN0	MLVIE	Euronext Access Paris	EUR	116.00	116.00	116.00	116.00	10/06/21 00:00	CET	-	-
INTERPARFUMS	FR0004024222	ITP	Euronext Paris	EUR	72.20	72.80	71.70	72.80	12/11/21 17:35	CET	13526	980173.40
INTEXA	FR0000064958	ITXT	Euronext Paris	EUR	4.40	4.40	4.40	4.40	11/11/21 11:30	CET	55	242.00
INTRASENSE	FR0011179886	ALINS	Euronext Growth Paris	EUR	0.551	0.5645	0.545	0.563	12/11/21 17:35	CET	95249	52962.331
INVENTIVA	FR0013233012	IVA	Euronext Paris	EUR	12.46	12.46	11.92	11.96	12/11/21 17:35	CET	25287	305594.72
INVIBES ADVERTSING	BE0974299316	ALINV	Euronext Growth Paris	EUR	17.70	17.70	17.60	17.70	12/11/21 17:13	CET	419	7416.20
IOC HOLDING	BE6200101556	MLIOC	Euronext Access Paris	EUR	0.60	0.60	0.60	0.60	11/11/21 16:30	CET	10	6.00
IPOSA PROPERTIES	ES0105417002	MLIPO	Euronext Access Paris	EUR	-	-	-	-	-	CET	-	-
IPSEN	FR0010259150	IPN	Euronext Paris	EUR	89.02	91.86	88.50	90.32	12/11/21 17:35	CET	99648	9009947.28
IPSOS	FR0000073298	IPS	Euronext Paris	EUR	42.40	42.55	42.00	42.40	12/11/21 17:35	CET	19282	817118.30
IT LINK	FR0000072597	ALITL	Euronext Growth Paris	EUR	31.10	31.20	30.80	31.20	12/11/21 17:35	CET	1811	56188.60
ITALY INNOVAZIONI	IT0005336521	MLITN	Euronext Access Paris	EUR	10.20	10.20	10.20	10.20	02/11/21 11:30	CET	13	132.60
ITESOFT	FR0004026151	ITE	Euronext Paris	EUR	4.04	4.04	4.04	4.04	12/11/21 14:41	CET	175	707.00
IVALIS	FR0010082305	ALIVA	Euronext Growth Paris	EUR	24.50	24.50	24.50	24.50	10/11/21 10:20	CET	1	24.50
JACQUES BOGART	FR0012872141	JBOG	Euronext Paris	EUR	12.25	12.25	12.10	12.25	12/11/21 16:45	CET	2396	29109.95
JACQUET METALS	FR0000033904	JCQ	Euronext Paris	EUR	22.60	22.70	22.35	22.40	12/11/21 17:35	CET	6931	156144.00
JC DECAUX SA.	FR0000077919	DEC	Euronext Paris	EUR	24.90	25.08	24.54	24.78	12/11/21 17:35	CET	48486	1203853.92
JSA TECHNOLOGY	FR0010680033	MLJSA	Euronext Access Paris	EUR	0.645	0.645	0.645	0.645	09/11/21 16:30	CET	80	51.61
KALRAY	FR0010722819	ALKAL	Euronext Growth Paris	EUR	36.20	36.20	35.40	36.10	12/11/21 17:35	CET	5897	211553.30
KAUFMAN ET BROAD	FR0004007813	KOF	Euronext Paris	EUR	35.00	35.30	35.00	35.10	12/11/21 17:35	CET	23709	833187.55
KERING	FR0000121485	KER	Euronext Paris	EUR	665.60	680.00	664.80	677.80	12/11/21 17:37	CET	179721	121253843.40
KERLINK	FR0013156007	ALKLK	Euronext Growth Paris	EUR	4.20	4.825	4.185	4.51	12/11/21 17:36	CET	143677	654904.795
KEYRUS	FR0004029411	ALKEY	Euronext Growth Paris	EUR	3.60	3.60	3.55	3.55	12/11/21 16:35	CET	684	2444.99
KKO INTERNATIONAL	FR0013374667	ALKKO	Euronext Growth Paris	EUR	0.15	0.1502	0.1448	0.1496	12/11/21 16:25	CET	92654	13720.7122
KLARSEN	FR0011038348	ALKLA	Euronext Growth Paris	EUR	2.635	2.93	2.625	2.885	12/11/21 17:35	CET	185377	521423.98
KLEPIERRE	FR0000121964	LI	Euronext Paris	EUR	21.62	21.67	21.27	21.38	12/11/21 17:37	CET	875248	18748829.57
KLIMVEST	GB00B19RTX44	ALSIM	Euronext Growth Paris	EUR	0.60	0.60	0.60	0.60	09/07/21 16:54	CET	7700	4620.00
KOMPUESTOS	ES0105425005	ALKOM	Euronext Growth Paris	EUR	2.44	2.64	2.44	2.64	12/11/21 15:15	CET	1090	2808.40
KORIAN	FR0010386334	KORI	Euronext Paris	EUR	27.86	27.94	27.64	27.86	12/11/21 17:35	CET	105499	2934326.06
KUMULUS VAPE	FR0013419876	ALVAP	Euronext Growth Paris	EUR	12.50	12.70	12.00	12.00	12/11/21 17:35	CET	1679	20590.00
KUMULUSBSA2020	FR0014001KF0	VAPBS	Euronext Growth Paris	EUR	-	-	-	-	-	CET	-	-
L'OREAL	FR0000120321	OR	Euronext Paris	EUR	416.00	422.95	415.70	420.95	12/11/21 17:35	CET	255713	107504460.35
LA PERLA FASHION	NL0012191662	ALPER	Euronext Growth Paris	EUR	3.52	3.52	3.52	3.52	12/11/21 09:00	CET	1	3.52
LACROIX GROUP	FR0000066607	LACR	Euronext Paris	EUR	38.40	38.80	37.70	38.50	12/11/21 16:23	CET	722	27620.40
LAGARDERE SA	FR0000130213	MMB	Euronext Paris	EUR	23.06	23.06	22.96	23.06	12/11/21 17:35	CET	131667	3029512.32
LANSON-BCC	FR0004027068	ALLAN	Euronext Growth Paris	EUR	28.30	28.40	28.20	28.40	12/11/21 17:35	CET	189	5348.60
LARGO	FR0013308582	ALLGO	Euronext Growth Paris	EUR	8.80	8.80	8.60	8.699	12/11/21 17:35	CET	2183	19049.306
LATECOERE	FR0000032278	LAT	Euronext Paris	EUR	0.548	0.55	0.532	0.54	12/11/21 17:35	CET	317089	171615.189
LAURENT-PERRIER	FR0006864484	LPE	Euronext Paris	EUR	94.40	94.80	94.00	94.20	12/11/21 17:22	CET	109	10265.60
LDC	FR0013204336	LOUP	Euronext Paris	EUR	97.80	98.20	97.80	98.20	12/11/21 17:25	CET	308	30190.20
LE TANNEUR	FR0000075673	ALTAN	Euronext Growth Paris	EUR	3.04	3.04	3.04	3.04	10/11/21 09:00	CET	277	842.08
LEBON	FR0000121295	LBON	Euronext Paris	EUR	81.00	81.40	80.80	81.40	12/11/21 17:16	CET	104	8429.80
LECTRA	FR0000065484	LSS	Euronext Paris	EUR	38.00	39.40	37.70	39.25	12/11/21 17:35	CET	23494	911461.55
LEGRAND	FR0010307819	LR	Euronext Paris	EUR	94.58	95.14	94.32	94.54	12/11/21 17:35	CET	300842	28457655.66
LES AGENCES DE PAP	FR0014003I41	MLPAP	Euronext Access Paris	EUR	3.80	4.0495	3.80	4.0495	10/11/21 16:30	CET	2266	8780.47
LES HOTELS BAVEREZ	FR0007080254	ALLHB	Euronext Growth Paris	EUR	57.50	57.50	57.50	57.50	08/11/21 11:30	CET	102	5865.00
LESTQBLANC202212BS	FR0013483401	TBMBT	Euronext Growth Paris	EUR	-	-	-	-	-	CET	-	-
LEXIBOOK LINGUIST.	FR0000033599	ALLEX	Euronext Growth Paris	EUR	4.12	4.20	4.005	4.06	12/11/21 17:35	CET	44885	183523.49
LINEDATA SERVICES	FR0004156297	LIN	Euronext Paris	EUR	39.00	39.30	39.00	39.00	12/11/21 17:36	CET	923	36034.70
LISI	FR0000050353	FII	Euronext Paris	EUR	24.90	24.90	24.40	24.50	12/11/21 17:35	CET	1915	47067.85
LLEIDA	ES0105089009	ALLLN	Euronext Growth Paris	EUR	4.395	4.395	4.30	4.31	12/11/21 10:52	CET	182	783.795
LNA SANTE	FR0004170017	LNA	Euronext Paris	EUR	50.10	50.10	49.10	49.35	12/11/21 17:35	CET	3446	171049.30
LOCASYSTEM INTL	FR0004155208	MLLOI	Euronext Access Paris	EUR	10.50	10.50	10.50	10.50	09/11/21 16:38	CET	182	1911.00
LOGIC INSTRUMENT	FR0000044943	ALLOG	Euronext Growth Paris	EUR	0.39	0.407	0.39	0.407	12/11/21 15:04	CET	6213	2453.165
LOGIS CONFORT	ES0105333001	MLLOG	Euronext Access Paris	EUR	-	-	-	-	-	CET	-	-
LOMBARD ET MEDOT	FR0006205019	MLCAC	Euronext Access Paris	EUR	16.00	16.00	16.00	16.00	11/11/21 16:30	CET	1	16.00
LUCIBEL	FR0011884378	ALUCI	Euronext Growth Paris	EUR	0.768	0.794	0.76	0.792	12/11/21 17:15	CET	19038	14669.22
LUCIBEL BS	FR0013525953	LUCBS	Euronext Growth Paris	EUR	0.0395	0.0395	0.0325	0.0395	12/11/21 13:26	CET	910	33.495
LUMIBIRD	FR0000038242	LBIRD	Euronext Paris	EUR	20.00	20.30	20.00	20.15	12/11/21 17:35	CET	3203	64527.45
LV4S	BE6201089735	MLV4S	Euronext Access Paris	EUR	7.80	7.80	7.80	7.80	08/11/21 11:30	CET	11	85.80
LVMH	FR0000121014	MC	Euronext Paris	EUR	706.00	726.60	705.90	722.90	12/11/21 17:30	CET	412199	296307269.90
LYSOGENE	FR0013233475	LYS	Euronext Paris	EUR	1.95	2.005	1.95	1.972	12/11/21 17:35	CET	29893	59240.866
M.R.M	FR0000060196	MRM	Euronext Paris	EUR	1.21	1.21	1.21	1.21	12/11/21 16:30	CET	8462	10239.02
M2I	FR0013270626	ALMII	Euronext Growth Paris	EUR	4.76	4.84	4.76	4.84	12/11/21 15:13	CET	66	319.36
MAAT PHARMA	FR0012634822	MAAT	Euronext Paris	EUR	13.55	13.70	13.50	13.50	12/11/21 17:35	CET	4534	61470.60
MADE	FR0010328302	MLMAD	Euronext Access Paris	EUR	8.90	8.90	8.90	8.90	01/11/21 16:30	CET	10	89.00
MADVERTISE	FR0010812230	ALMNG	Euronext Growth Paris	EUR	0.534	0.534	0.51	0.532	12/11/21 17:22	CET	33193	17131.405
MAGILLEM	FR0010827741	MLMGL	Euronext Access Paris	EUR	23.60	23.60	23.60	23.60	12/11/21 16:30	CET	514	12130.40
MAIS.ANTOINE BAUD	FR0000061657	MLMAB	Euronext Access Paris	EUR	147.00	147.00	147.00	147.00	27/10/21 11:33	CET	35	5145.00
MAISON CLIO BLUE	FR0011092089	MLCLI	Euronext Access Paris	EUR	1.95	1.95	1.95	1.95	29/10/21 11:30	CET	10	19.50
MAISONS DU MONDE	FR0013153541	MDM	Euronext Paris	EUR	20.98	21.18	20.76	21.02	12/11/21 17:35	CET	79375	1664884.10
MAKHEIA GROUP	FR0000072993	ALMAK	Euronext Growth Paris	EUR	0.23	0.2325	0.226	0.23	12/11/21 17:35	CET	479119	110167.118
MAKHEIA GROUP BSB	FR0013525565	MAKB2	Euronext Growth Paris	EUR	0.07	0.07	0.07	0.07	19/10/21 10:16	CET	68	4.76
MAKING SCIENCE	ES0105463006	ALMKS	Euronext Growth Paris	EUR	28.90	28.90	28.90	28.90	12/11/21 11:30	CET	1	28.90
MALTERIES FCO-BEL.	FR0000030074	MALT	Euronext Paris	EUR	715.00	715.00	715.00	715.00	11/11/21 16:30	CET	5	3575.00
MANITOU BF	FR0000038606	MTU	Euronext Paris	EUR	29.70	30.20	29.70	30.20	12/11/21 17:35	CET	3753	112770.10
MANUTAN INTL	FR0000032302	MAN	Euronext Paris	EUR	71.20	72.00	70.80	71.00	12/11/21 16:05	CET	67	4772.20
MAQ ADMON. URBANAS	ES0105447009	MLMAQ	Euronext Access Paris	EUR	8.30	8.30	8.30	8.30	27/01/20 11:30	CET	1	8.30
MARE NOSTRUM	FR0013400835	ALMAR	Euronext Growth Paris	EUR	3.16	3.20	3.15	3.20	12/11/21 17:35	CET	1236	3927.91
MAROC TELECOM	MA0000011488	IAM	Euronext Paris	EUR	13.60	13.60	13.40	13.55	12/11/21 17:35	CET	342	4625.50
MASTRAD	FR0004155687	ALMAS	Euronext Growth Paris	EUR	0.45	0.45	0.438	0.447	12/11/21 17:36	CET	20923	9380.965
MASTRAD BS29	FR0013472446	MASBS	Euronext Growth Paris	EUR	-	-	-	-	-	CET	-	-
MAUNA KEA TECH	FR0010609263	MKEA	Euronext Paris	EUR	0.90	0.908	0.848	0.87	12/11/21 17:35	CET	225451	197664.848
MAUREL ET PROM	FR0000051070	MAU	Euronext Paris	EUR	2.675	2.675	2.60	2.62	12/11/21 17:35	CET	91400	240058.21
MBWS	FR0000060873	MBWS	Euronext Paris	EUR	1.41	1.42	1.39	1.39	12/11/21 17:35	CET	17205	24115.065
MBWS BSA 2022	FR0013404944	MBWBT	Euronext Paris	EUR	0.008	0.008	0.008	0.008	12/11/21 15:30	CET	3503	28.024
MBWS BSAR 2023	FR0013066313	MBWSZ	Euronext Paris	EUR	0.035	0.035	0.035	0.035	14/10/21 09:34	CET	588	20.58
MCPHY ENERGY	FR0011742329	MCPHY	Euronext Paris	EUR	22.20	23.74	22.10	23.74	12/11/21 17:35	CET	212198	4889457.66
MEDESIS PHARMA	FR0010844464	ALMDP	Euronext Growth Paris	EUR	5.20	5.34	5.20	5.24	12/11/21 17:26	CET	2062	10869.80
MEDIA 6	FR0000064404	EDI	Euronext Paris	EUR	11.67	11.67	11.67	11.67	08/11/21 11:28	CET	3	35.01
MEDIA LAB	IT0005324105	MLLAB	Euronext Access Paris	EUR	1.25	1.25	1.25	1.25	11/11/21 16:30	CET	1620	2025.00
MEDIA MAKER	IT0005380438	ALKER	Euronext Growth Paris	EUR	9.40	9.40	9.30	9.30	12/11/21 10:26	CET	51	474.40
MEDIANTECHNOLOGIES	FR0011049824	ALMDT	Euronext Growth Paris	EUR	15.90	15.90	15.30	15.66	12/11/21 17:35	CET	30737	477833.56
MEDINCELL	FR0004065605	MEDCL	Euronext Paris	EUR	10.26	10.46	10.08	10.14	12/11/21 17:35	CET	38700	395631.70
MEDIOCREDITO EUROP	IT0004844848	MLMCE	Euronext Access Paris	EUR	4.30	4.30	4.30	4.30	28/11/12 10:24	CET	100	430.00
MEMSCAP REGPT	FR0010298620	MEMS	Euronext Paris	EUR	1.655	1.655	1.65	1.65	12/11/21 16:49	CET	692	1141.805
MERCIALYS	FR0010241638	MERY	Euronext Paris	EUR	9.385	9.50	9.355	9.415	12/11/21 17:35	CET	166981	1575149.315
MERCK AND CO INC	US58933Y1055	MRK	Euronext Paris	EUR	73.00	73.86	72.67	72.91	12/11/21 17:24	CET	1045	76396.46
MERIDIA RE IV	ES0105559001	MLMIV	Euronext Access Paris	EUR	18.55	18.55	18.55	18.55	02/07/21 00:00	CET	-	-
MERSEN	FR0000039620	MRN	Euronext Paris	EUR	33.15	33.25	32.90	33.05	12/11/21 17:35	CET	7208	238333.35
METABOLIC EXPLORER	FR0004177046	METEX	Euronext Paris	EUR	5.54	5.60	5.46	5.47	12/11/21 17:35	CET	41252	227855.26
METALLIANCE	FR0010492181	MLETA	Euronext Access Paris	EUR	13.50	13.50	13.50	13.50	12/11/21 11:30	CET	53	715.50
METHANOR	FR0011217710	ALMET	Euronext Growth Paris	EUR	4.70	4.70	4.61	4.61	12/11/21 14:40	CET	214	987.92
METHORIOS CAPITAL	IT0004615396	ALMTH	Euronext Growth Paris	EUR	0.03	0.03	0.03	0.03	03/10/16 09:00	CET	1	0.03
METRICS IN BALANCE	BE0974328602	MLMIB	Euronext Access Paris	EUR	2.00	2.00	2.00	2.00	12/11/21 16:30	CET	6600	13200.00
METROPOLE TV	FR0000053225	MMT	Euronext Paris	EUR	18.88	19.02	18.80	18.90	12/11/21 17:35	CET	34011	642188.70
MG INTERNATIONAL	FR0010204453	ALMGI	Euronext Growth Paris	EUR	12.00	12.00	11.80	11.80	12/11/21 16:50	CET	1177	13950.00
MGI DIGITAL GRAPHI	FR0010353888	ALMDG	Euronext Growth Paris	EUR	37.05	38.05	36.85	37.75	12/11/21 17:35	CET	6771	254246.25
MICHELIN	FR0000121261	ML	Euronext Paris	EUR	133.60	134.90	133.60	134.80	12/11/21 17:35	CET	382291	51413410.65
MICROPOLE	FR0000077570	MUN	Euronext Paris	EUR	1.33	1.38	1.32	1.32	12/11/21 17:35	CET	422093	567703.865
MICROSKIN	GB00BF553726	MLSKN	Euronext Access Paris	EUR	0.03	0.03	0.03	0.03	08/06/17 15:00	CET	10000	300.00
MIGUET ET ASSOCIES	FR0010500363	MLNMA	Euronext Access Paris	EUR	1.65	1.65	1.65	1.65	10/11/21 16:30	CET	8	13.20
MILIBOO	FR0013053535	ALMLB	Euronext Growth Paris	EUR	5.16	5.38	5.12	5.38	12/11/21 17:35	CET	2280	12044.26
MINT	FR0004172450	ALBUD	Euronext Growth Paris	EUR	5.11	5.48	5.11	5.48	12/11/21 17:35	CET	14274	76659.37
MINT BS	FR0013307329	BUDBS	Euronext Growth Paris	EUR	0.021	0.03	0.021	0.03	12/11/21 17:11	CET	29422	664.284
MLD	FR0013268067	MLAMY	Euronext Access Paris	EUR	3.60	3.60	3.60	3.60	19/01/18 14:38	CET	6600	23760.00
MND	FR00140050Q2	ALMND	Euronext Growth Paris	EUR	6.63	6.84	6.63	6.82	12/11/21 17:35	CET	4444	29866.284
MONCEY (FIN.) NOM.	FR0000076986	MONC	Euronext Paris	EUR	7800.00	7900.00	7800.00	7900.00	12/11/21 16:30	CET	2	15700.00
MONFINANCIER	FR0010882886	MLMON	Euronext Access Paris	EUR	0.18	0.18	0.18	0.18	12/11/21 17:16	CET	11	1.98
MONTEA	BE0003853703	MONT	Euronext Brussels, Paris	EUR	131.00	131.00	128.40	129.20	12/11/21 17:35	CET	11675	1508527.60
MOULINVEST	FR0011033083	ALMOU	Euronext Growth Paris	EUR	33.00	33.00	31.80	33.00	12/11/21 17:35	CET	1231	39822.60
MR BRICOLAGE	FR0004034320	ALMRB	Euronext Growth Paris	EUR	10.45	10.60	10.30	10.50	12/11/21 17:35	CET	3098	32263.35
MTD FINANCE	FR0010518936	MLMTD	Euronext Access Paris	EUR	5.88	5.88	5.88	5.88	22/12/15 15:00	CET	17	99.96
MULANN	FR0012990968	MLMUL	Euronext Access Paris	EUR	0.0445	0.0445	0.0445	0.0445	11/09/20 16:30	CET	3296	146.67
MUNIC	FR0013462231	ALMUN	Euronext Growth Paris	EUR	3.17	3.20	3.13	3.14	12/11/21 14:25	CET	1384	4387.70
MUSEE GREVIN	FR0000037970	GREV	Euronext Paris	EUR	49.60	52.00	49.60	52.00	12/11/21 16:30	CET	44	2192.00
MYBEST GROUP	IT0005119109	ALMBG	Euronext Growth Paris	EUR	4.16	4.16	4.16	4.16	07/06/19 11:30	CET	14720	61235.20
NACON	FR0013482791	NACON	Euronext Paris	EUR	5.20	5.28	5.14	5.28	12/11/21 17:35	CET	53813	280828.21
NAMR	FR0014003J32	ALNMR	Euronext Growth Paris	EUR	9.67	9.70	9.52	9.69	12/11/21 17:27	CET	652	6270.56
NANOBIOTIX	FR0011341205	NANO	Euronext Paris	EUR	8.70	8.70	8.315	8.35	12/11/21 17:35	CET	81099	682666.405
NATURE ET LOGIS	FR0013344223	MLNAT	Euronext Access Paris	EUR	4.24	4.24	4.24	4.24	05/11/21 16:30	CET	426	1806.24
NAVYA	FR0013018041	NAVYA	Euronext Paris	EUR	1.789	1.813	1.76	1.77	12/11/21 17:35	CET	87210	155721.565
NEOCOM MULTIMEDIA	FR0004157543	MLNEO	Euronext Access Paris	EUR	4.78	4.78	4.78	4.78	12/11/21 16:30	CET	72	344.16
NEOEN	FR0011675362	NEOEN	Euronext Paris	EUR	36.58	37.34	36.50	37.00	12/11/21 17:35	CET	104079	3841259.66
NEOLIFE	FR0011636083	ALNLF	Euronext Growth Paris	EUR	0.3645	0.3645	0.358	0.3635	12/11/21 17:35	CET	23930	8621.3795
NEOLIFE BS	FR0013282936	NLFBS	Euronext Growth Paris	EUR	0.017	0.017	0.015	0.015	10/11/21 09:22	CET	136913	2167.70
NEOVACS	FR0004032746	ALNEV	Euronext Growth Paris	EUR	0.0009	0.0009	0.0008	0.0008	12/11/21 17:35	CET	83119569	71583.3812
NETGEM	FR0004154060	ALNTG	Euronext Growth Paris	EUR	1.46	1.47	1.445	1.45	12/11/21 17:19	CET	12865	18748.43
NEURONES	FR0004050250	NRO	Euronext Paris	EUR	35.40	35.70	35.20	35.20	12/11/21 17:35	CET	670	23735.20
NEWSINVEST	FR0010358507	MLNEI	Euronext Access Paris	EUR	1.75	1.75	1.75	1.75	20/09/21 11:57	CET	192	336.00
NEXANS	FR0000044448	NEX	Euronext Paris	EUR	88.50	89.70	88.25	88.45	12/11/21 17:35	CET	31481	2788514.15
NEXITY	FR0010112524	NXI	Euronext Paris	EUR	39.74	39.88	39.50	39.64	12/11/21 17:35	CET	34629	1373512.32
NEXTEDIA	FR0004171346	ALNXT	Euronext Growth Paris	EUR	1.108	1.114	1.086	1.09	12/11/21 17:35	CET	54906	60043.512
NEXTSTAGE	FR0012789386	NEXTS	Euronext Paris	EUR	86.50	86.50	86.50	86.50	12/11/21 09:00	CET	1	86.50
NFL BIOSCIENCES	FR0014003XT0	ALNFL	Euronext Growth Paris	EUR	3.79	3.84	3.66	3.84	12/11/21 17:35	CET	4133	15499.70
NHOA	FR0012650166	NHOA	Euronext Paris	EUR	15.00	15.42	14.60	14.88	12/11/21 17:35	CET	41110	620554.22
NHOA DS	FR0014006F90	NHODS	Euronext Paris	EUR	3.78	4.35	3.507	3.6205	12/11/21 17:35	CET	27868	108839.4315
NICOX	FR0013018124	COX	Euronext Paris	EUR	3.205	3.24	3.19	3.21	12/11/21 17:35	CET	22539	72490.04
NOKIA	FI0009000681	NOKIA	Euronext Paris	EUR	5.012	5.047	5.00	5.008	12/11/21 17:35	CET	198428	996937.863
NOVACYT	FR0010397232	ALNOV	Euronext Growth Paris	EUR	2.61	2.648	2.574	2.581	12/11/21 17:30	CET	454753	1179108.561
NOVATECH IND.	FR0000185464	MLNOV	Euronext Access Paris	EUR	6.75	6.75	6.75	6.75	11/11/21 11:30	CET	25	168.75
NOXXON	NL0012044762	ALNOX	Euronext Growth Paris	EUR	0.265	0.279	0.234	0.234	12/11/21 17:37	CET	1795860	461168.3712
NR21	FR0014001PV6	NR21	Euronext Paris	EUR	181.02	194.00	181.00	194.00	11/11/21 17:29	CET	19	3488.84
NRJ GROUP	FR0000121691	NRG	Euronext Paris	EUR	6.02	6.02	5.84	6.02	12/11/21 17:35	CET	9886	58327.32
NSC GROUPE	FR0000064529	ALNSC	Euronext Growth Paris	EUR	42.40	42.40	42.40	42.40	29/10/21 16:30	CET	1	42.40
NSE	FR0004065639	ALNSE	Euronext Growth Paris	EUR	20.20	20.40	20.00	20.40	12/11/21 17:27	CET	929	18904.80
O SORBET D AMOUR	FR0013072741	MLOSA	Euronext Access Paris	EUR	3.10	3.10	3.10	3.10	03/11/21 16:30	CET	5	15.50
OBER	FR0010330613	ALOBR	Euronext Growth Paris	EUR	8.80	8.80	8.80	8.80	12/11/21 11:30	CET	2	17.60
OBIZ	FR0014003711	ALBIZ	Euronext Growth Paris	EUR	6.462	6.493	6.462	6.493	12/11/21 17:19	CET	751	4864.607
OCTOPUS BIOSAFETY	FR0013310281	MLOCT	Euronext Access Paris	EUR	1.14	1.14	1.14	1.14	12/11/21 16:30	CET	8043	9169.02
OENEO	FR0000052680	SBT	Euronext Paris	EUR	13.46	13.50	13.46	13.46	12/11/21 17:35	CET	3647	49171.18
OL GROUPE	FR0010428771	OLG	Euronext Paris	EUR	2.19	2.20	2.16	2.20	12/11/21 17:18	CET	12068	26275.91
OL GROUPE NV21	FR00140044C5	OLNV	Euronext Paris	EUR	-	-	-	-	-	CET	-	-
OMER-DECUGIS & CIE	FR0014003T71	ALODC	Euronext Growth Paris	EUR	8.16	8.16	8.15	8.15	12/11/21 17:15	CET	326	2659.91
ONCODESIGN	FR0011766229	ALONC	Euronext Growth Paris	EUR	9.59	9.65	9.59	9.60	12/11/21 17:35	CET	5577	53771.13
ONE EXPERIENCE	FR0013266772	MLOEX	Euronext Access Paris	EUR	2.40	2.40	2.30	2.30	26/10/21 16:30	CET	2010	4823.00
ONLINEFORMAPRO	FR0004174712	MLONL	Euronext Access Paris	EUR	2.04	2.04	2.04	2.04	12/11/21 11:30	CET	285	581.40
ONXEO	FR0010095596	ALONX	Euronext Growth Paris	EUR	0.485	0.4885	0.46	0.46	12/11/21 17:35	CET	137463	65197.403
ORANGE	FR0000133308	ORA	Euronext Paris	EUR	9.85	9.865	9.813	9.862	12/11/21 17:36	CET	5482468	54002088.549
ORAPI	FR0000075392	ORAP	Euronext Paris	EUR	6.00	6.10	5.98	6.10	12/11/21 17:02	CET	3640	21957.41
ORAPI BSA	FR0013522216	ORAPB	Euronext Paris	EUR	0.95	0.98	0.95	0.98	12/11/21 09:19	CET	55	53.15
ORBIS PROPERTIES	ES0105490009	MLORB	Euronext Access Paris	EUR	13.60	13.60	13.60	13.60	30/07/20 00:00	CET	-	-
ORDISSIMO	FR0013318052	ALORD	Euronext Growth Paris	EUR	2.24	2.24	2.24	2.24	12/11/21 09:00	CET	50	112.00
OREGE	FR0010609206	OREGE	Euronext Paris	EUR	1.202	1.214	1.122	1.15	12/11/21 17:35	CET	28995	33687.386
ORINOQUIA	ES0105534004	MLORQ	Euronext Access Paris	EUR	1.14	1.14	1.14	1.14	01/10/21 11:30	CET	5000	5700.00
ORPEA	FR0000184798	ORP	Euronext Paris	EUR	89.78	91.12	89.16	90.84	12/11/21 17:35	CET	112575	10194475.90
OSE IMMUNO	FR0012127173	OSE	Euronext Paris	EUR	9.00	9.03	8.80	8.80	12/11/21 17:35	CET	22580	200893.45
OSMOZIS	FR0013231180	ALOSM	Euronext Growth Paris	EUR	5.65	5.80	5.65	5.80	12/11/21 17:27	CET	20406	117373.95
OVH	FR0014005HJ9	OVH	Euronext Paris	EUR	20.455	20.915	20.40	20.915	12/11/21 17:35	CET	47038	974330.82
PACTE NOVATION	FR0000077992	MLPAC	Euronext Access Paris	EUR	8.80	8.80	8.80	8.80	26/10/21 16:30	CET	268	2358.40
PARAGON ID	FR0013318813	PID	Euronext Paris	EUR	32.40	32.50	32.10	32.40	12/11/21 17:29	CET	142	4591.40
PAREF	FR0010263202	PAR	Euronext Paris	EUR	55.00	56.00	55.00	56.00	12/11/21 16:10	CET	754	41859.00
PARFEX	FR0000185928	MLPFX	Euronext Access Paris	EUR	14.60	14.60	14.60	14.60	08/03/21 16:30	CET	280	4088.00
PARROT	FR0004038263	PARRO	Euronext Paris	EUR	4.62	4.845	4.62	4.71	12/11/21 17:35	CET	1958	9345.41
PARROT BSA 1	FR0013054269	PABSA	Euronext Paris	EUR	0.001	0.001	0.001	0.001	05/10/21 16:13	CET	42	0.04
PARROT BSA 2	FR0013054335	PABSB	Euronext Paris	EUR	0.0005	0.0005	0.0005	0.0005	05/10/21 16:13	CET	42	0.02
PART.INDLES MINI.	FR0006823092	MLHOP	Euronext Access Paris	EUR	14.30	14.30	14.30	14.30	21/10/21 16:30	CET	4	57.20
PARX MATERIALS NV	NL0012650535	MLPRX	Euronext Access Paris	EUR	1.10	1.10	1.10	1.10	12/11/21 16:30	CET	99	108.90
PASSAT	FR0000038465	PSAT	Euronext Paris	EUR	6.38	6.38	6.30	6.38	12/11/21 15:58	CET	1323	8379.94
PATRIMOINE ET COMM	FR0011027135	PAT	Euronext Paris	EUR	16.85	16.85	16.30	16.40	12/11/21 16:58	CET	2148	35567.95
PAULIC MEUNERIE	FR0013479730	ALPAU	Euronext Growth Paris	EUR	6.50	6.50	6.20	6.38	12/11/21 17:35	CET	13734	86757.78
PCAS	FR0000053514	PCA	Euronext Paris	EUR	10.25	11.25	10.25	10.70	12/11/21 17:35	CET	8397	89728.65
PERNOD RICARD	FR0000120693	RI	Euronext Paris	EUR	206.70	210.20	206.50	209.50	12/11/21 17:40	CET	345047	72092788.20
PERRIER (GERARD)	FR0000061459	PERR	Euronext Paris	EUR	84.00	84.80	83.80	84.00	12/11/21 16:45	CET	903	75979.20
PEUGEOT INVEST	FR0000064784	PEUG	Euronext Paris	EUR	131.20	132.00	130.60	131.60	12/11/21 17:35	CET	1906	250541.40
PHARMAGEST INTER.	FR0012882389	PHA	Euronext Paris	EUR	96.90	99.70	96.90	97.20	12/11/21 17:35	CET	7241	708973.80
PHARMASIMPLE	BE0974302342	ALPHS	Euronext Growth Paris	EUR	1.16	1.19	1.00	1.055	12/11/21 17:35	CET	291249	312989.10
PHARNEXT	FR0011191287	ALPHA	Euronext Growth Paris	EUR	0.144	0.144	0.1342	0.1382	12/11/21 17:35	CET	798907	109886.0568
PHERECYDES PHARMA	FR0011651694	ALPHE	Euronext Growth Paris	EUR	7.20	7.219	7.12	7.121	12/11/21 17:10	CET	1126	8089.874
PHONE WEB	FR0000185480	MLPHW	Euronext Access Paris	EUR	0.80	0.80	0.80	0.80	08/11/21 11:30	CET	1	0.80
PHOTONIKE CAPITAL	BE0948608451	MLPHO	Euronext Access Paris	EUR	1.13	1.13	1.13	1.13	12/11/21 17:22	CET	26732	30207.16
PIERRE VACANCES	FR0000073041	VAC	Euronext Paris	EUR	9.10	9.14	9.06	9.11	12/11/21 17:25	CET	3166	28777.93
PISCINES DESJOYAUX	FR0000061608	ALPDX	Euronext Growth Paris	EUR	26.10	26.10	25.30	25.90	12/11/21 17:35	CET	16934	434616.50
PIXIUM VISION	FR0011950641	ALPIX	Euronext Growth Paris	EUR	1.038	1.048	1.016	1.02	12/11/21 17:35	CET	506154	519089.538
PLACOPLATRE	FR0000030769	MLPLC	Euronext Access Paris	EUR	550.00	550.00	550.00	550.00	03/11/21 12:22	CET	7	3850.00
PLANET MEDIA	FR0010211037	ALPLA	Euronext Growth Paris	EUR	1.515	1.63	1.51	1.585	12/11/21 17:35	CET	91160	143840.94
PLANT ADVANCED	FR0010785790	ALPAT	Euronext Growth Paris	EUR	19.90	19.90	19.80	19.80	12/11/21 16:12	CET	379	7521.60
PLANT ADVANCED BS	FR0011844067	PATBS	Euronext Growth Paris	EUR	0.03	0.03	0.03	0.03	16/09/21 10:06	CET	16	0.48
PLAST.VAL LOIRE	FR0013252186	PVL	Euronext Paris	EUR	6.04	6.14	5.98	5.99	12/11/21 17:35	CET	15178	91943.80
PLASTIC OMNIUM	FR0000124570	POM	Euronext Paris	EUR	24.00	24.48	23.84	24.32	12/11/21 17:35	CET	117210	2847510.90
POUJOULAT	FR0000066441	ALPJT	Euronext Growth Paris	EUR	49.40	49.80	49.40	49.80	12/11/21 17:35	CET	561	27821.40
POULAILLON	FR0013015583	ALPOU	Euronext Growth Paris	EUR	4.64	4.67	4.60	4.60	12/11/21 16:53	CET	600	2768.51
POXEL	FR0012432516	POXEL	Euronext Paris	EUR	5.715	5.76	5.70	5.715	12/11/21 17:35	CET	20383	116568.65
PRECIA	FR0014004EC4	PREC	Euronext Paris	EUR	33.90	34.20	33.90	34.19	12/11/21 17:35	CET	701	23824.18
PREDILIFE	FR0010169920	ALPRE	Euronext Growth Paris	EUR	7.10	7.10	7.10	7.10	12/11/21 09:00	CET	1	7.10
PRISMAFLEX INTL	FR0004044600	ALPRI	Euronext Growth Paris	EUR	9.92	10.20	9.92	10.05	12/11/21 16:45	CET	530	5304.72
PROACTIS SA	FR0004052561	PROAC	Euronext Paris	EUR	0.159	0.165	0.159	0.165	12/11/21 17:23	CET	11636	1859.568
PRODWARE	FR0010313486	ALPRO	Euronext Growth Paris	EUR	8.68	8.70	8.64	8.66	12/11/21 17:35	CET	18988	164448.84
PRODWAYS	FR0012613610	PWG	Euronext Paris	EUR	2.895	2.975	2.845	2.975	12/11/21 17:29	CET	43945	128236.34
PROLOGUE	FR0010380626	PROL	Euronext Paris	EUR	0.407	0.418	0.405	0.406	12/11/21 16:00	CET	66227	26998.561
PROLOGUE BSA	FR0013398617	PROBT	Euronext Growth Paris	EUR	0.016	0.016	0.016	0.016	11/11/21 12:28	CET	15700	251.20
PROLOGUE BSA 2017	FR0013268042	PROBS	Euronext Growth Paris	EUR	0.08	0.08	0.08	0.08	27/09/21 15:05	CET	7064	565.12
PROP.IMMEUBLES	FR0000061376	MLPRI	Euronext Access Paris	EUR	21.60	21.60	21.60	21.60	09/11/21 11:30	CET	2	43.20
PROVENTURE GOLD	CA74375L1058	MLPRO	Euronext Access Paris	EUR	3.00	3.00	3.00	3.00	28/05/19 11:30	CET	13250	39750.00
PUBLICIS BSA	FR0000312928	PUBBS	Euronext Paris	EUR	35.40	36.20	35.00	36.20	12/11/21 17:18	CET	7216	255670.40
PUBLICIS GROUPE SA	FR0000130577	PUB	Euronext Paris	EUR	59.26	60.02	59.10	60.00	12/11/21 17:35	CET	710525	42506268.86
QUADIENT	FR0000120560	QDT	Euronext Paris	EUR	20.94	21.18	20.90	21.16	12/11/21 17:35	CET	20674	435739.64
QUADPACK	ES0105118006	ALQP	Euronext Growth Paris	EUR	24.80	24.80	24.80	24.80	12/11/21 09:00	CET	1	24.80
QUANTUM GENOMICS	FR0011648971	ALQGC	Euronext Growth Paris	EUR	4.25	4.25	4.05	4.104	12/11/21 17:35	CET	183386	753908.214
QWAMPLIFY	FR0010889386	ALQWA	Euronext Growth Paris	EUR	8.94	9.02	8.94	9.00	12/11/21 16:58	CET	2353	21159.18
QWAMPLIFY BSAANE	FR0013472677	QWABS	Euronext Growth Paris	EUR	-	-	-	-	-	CET	-	-
RALLYE	FR0000060618	RAL	Euronext Paris	EUR	5.12	5.20	5.12	5.15	12/11/21 17:35	CET	13203	68031.75
RAMSAY GEN SANTE	FR0000044471	GDS	Euronext Paris	EUR	22.40	22.40	21.60	22.40	12/11/21 17:26	CET	589	12907.60
RAPID NUTRITION	GB00BLG2TX24	ALRPD	Euronext Growth Paris	EUR	0.0785	0.079	0.065	0.07	12/11/21 16:57	CET	9311	630.8025
RAPIDO PRET	FR0012395457	ML350	Euronext Access Paris	EUR	0.276	0.276	0.276	0.276	01/11/21 16:30	CET	100	27.60
REALITES	FR0011858190	ALREA	Euronext Growth Paris	EUR	28.80	28.80	27.60	28.80	12/11/21 17:35	CET	17040	484326.90
RECYLEX S.A.	FR0000120388	RX	Euronext Paris	EUR	1.842	1.868	1.816	1.848	13/05/20 17:20	CET	7005	12873.94
REMY COINTREAU	FR0000130395	RCO	Euronext Paris	EUR	178.50	180.80	177.90	180.00	12/11/21 17:35	CET	45198	8123531.30
RENAULT	FR0000131906	RNO	Euronext Paris	EUR	33.49	34.635	33.49	34.37	12/11/21 17:35	CET	2601212	89095698.225
RES GESTAE SOCIMI	ES0105550000	MLJDL	Euronext Access Paris	EUR	7.00	7.00	7.00	7.00	29/06/21 00:00	CET	-	-
REVIVAL EXPANSION	FR0000077232	MLREX	Euronext Access Paris	EUR	9.94	9.94	9.94	9.94	27/12/16 15:00	CET	3	29.82
REWORLD MEDIA	FR0010820274	ALREW	Euronext Growth Paris	EUR	7.69	7.69	7.27	7.33	12/11/21 17:35	CET	97827	727910.68
REXEL	FR0010451203	RXL	Euronext Paris	EUR	18.00	18.235	17.925	18.175	12/11/21 17:30	CET	601897	10908380.165
RIBER	FR0000075954	ALRIB	Euronext Growth Paris	EUR	1.60	1.614	1.58	1.606	12/11/21 17:35	CET	11493	18339.92
ROBERTET	FR0000039091	RBT	Euronext Paris	EUR	948.00	958.00	938.00	953.00	12/11/21 17:35	CET	844	798216.00
ROBERTET CDV 87	FR0000045619	CBR	Euronext Paris	EUR	194.00	194.00	194.00	194.00	16/04/21 11:30	CET	1	194.00
ROBERTET CI	FR0000045601	CBE	Euronext Paris	EUR	961.50	961.50	961.50	961.50	12/11/21 16:30	CET	10	9615.00
ROCHE BOBOIS	FR0013344173	RBO	Euronext Paris	EUR	37.50	38.50	36.30	36.40	12/11/21 17:28	CET	1704	63773.70
ROCTOOL	FR0010523167	ALROC	Euronext Growth Paris	EUR	4.24	4.42	3.70	3.88	12/11/21 17:38	CET	118012	460788.68
ROCTOOL BSA 2020-2	FR0013477593	ROCBT	Euronext Growth Paris	EUR	-	-	-	-	-	CET	-	-
ROTHSCHILD & CO	FR0000031684	ROTH	Euronext Paris	EUR	40.00	40.50	39.90	40.25	12/11/21 17:35	CET	29089	1168016.90
ROUGIER S.A.	FR0000037640	ALRGR	Euronext Growth Paris	EUR	17.40	17.60	17.40	17.60	26/02/18 13:46	CET	162	2843.60
ROUSSELET CENTRIF.	FR0000035750	MLROU	Euronext Access Paris	EUR	35.00	35.00	35.00	35.00	08/11/21 11:30	CET	16	560.00
RUBIS	FR0013269123	RUI	Euronext Paris	EUR	28.04	28.23	27.82	27.95	12/11/21 17:35	CET	222695	6225854.75
S.E.B.	FR0000121709	SK	Euronext Paris	EUR	135.10	136.60	134.00	134.70	12/11/21 17:39	CET	40544	5475094.10
SAFE	FR0013467123	ALSAF	Euronext Growth Paris	EUR	0.3275	0.38	0.3275	0.375	12/11/21 17:35	CET	2030129	733673.2105
SAFRAN	FR0000073272	SAF	Euronext Paris	EUR	121.28	122.48	120.94	121.12	12/11/21 17:35	CET	565900	68870580.60
SAINT GOBAIN	FR0000125007	SGO	Euronext Paris, Amsterdam, Brussels	EUR	60.50	61.03	60.28	60.80	12/11/21 17:35	CET	596286	36214024.10
SAINT JEAN GROUPE	FR0000060121	SABE	Euronext Paris	EUR	24.00	24.00	24.00	24.00	12/11/21 11:30	CET	82	1968.00
SAMSE	FR0000060071	SAMS	Euronext Paris	EUR	205.00	205.00	204.00	204.00	12/11/21 17:06	CET	29	5928.00
SANOFI	FR0000120578	SAN	Euronext Paris	EUR	90.09	90.10	89.06	89.22	12/11/21 17:35	CET	1178882	105390019.02
SAPMER	FR0010776617	ALMER	Euronext Growth Paris	EUR	8.00	8.50	8.00	8.50	10/11/21 16:30	CET	1151	9318.50
SARTORIUS STED BIO	FR0013154002	DIM	Euronext Paris	EUR	461.30	475.30	459.60	473.80	12/11/21 17:35	CET	24934	11748765.60
SAVENCIA	FR0000120107	SAVE	Euronext Paris	EUR	64.60	64.60	64.00	64.20	12/11/21 17:35	CET	1821	117049.40
SAVONNERIE NYONS	FR0013155975	MLSDN	Euronext Access Paris	EUR	37.20	37.20	37.20	37.20	08/11/21 12:32	CET	12	446.40
SBT	FR0004175222	MLSBT	Euronext Access Paris	EUR	5.55	5.55	5.55	5.55	12/11/21 11:30	CET	1	5.55
SCANDINAVIAN HOUSE	CH0220529603	MLSHD	Euronext Access Paris	EUR	17.51	17.51	17.51	17.51	13/05/16 15:00	CET	500	8755.00
SCBSM	FR0006239109	CBSM	Euronext Paris	EUR	10.00	10.20	9.95	10.20	12/11/21 16:47	CET	3776	37968.45
SCEMI	FR0010972091	MLCMI	Euronext Access Paris	EUR	4.50	4.50	4.50	4.50	10/11/21 11:30	CET	11	49.50
SCHLUMBERGER	AN8068571086	SLB	Euronext Paris	EUR	28.40	28.70	28.35	28.40	12/11/21 17:35	CET	5759	163541.15
SCHNEIDER ELECTRIC	FR0000121972	SU	Euronext Paris	EUR	154.82	156.14	153.74	156.02	12/11/21 17:35	CET	518158	80543835.60
SCHOBRUNN PARIS	FR0010961920	MLSCH	Euronext Access Paris	EUR	25.00	27.40	25.00	27.40	29/09/21 16:30	CET	27	677.40
SCIENTIA SCHOOL	ES0105592002	MLSCI	Euronext Access Paris	EUR	4.65	4.65	4.65	4.65	10/11/21 16:30	CET	50	232.50
SCOR SE	FR0010411983	SCR	Euronext Paris	EUR	27.82	27.90	27.42	27.82	12/11/21 17:36	CET	628588	17436275.02
SECHE ENVIRONNEM.	FR0000039109	SCHP	Euronext Paris	EUR	66.60	67.00	66.20	66.80	12/11/21 17:35	CET	1205	80244.70
SEGRO PLC	GB00B5ZN1N88	SGRO	Euronext Paris	EUR	11.30	11.30	11.30	11.30	07/04/21 13:45	CET	500	5650.00
SEIF SPA	IT0005353484	ALSEI	Euronext Growth Paris	EUR	0.565	0.565	0.565	0.565	12/11/21 09:00	CET	1	0.565
SELCODIS	FR0000065492	SLCO	Euronext Paris	EUR	0.29	0.29	0.29	0.29	25/03/09 00:00	CET	2074	601.00
SELECTIRENTE	FR0004175842	SELER	Euronext Paris	EUR	94.00	94.00	94.00	94.00	12/11/21 11:30	CET	1	94.00
SEMPLICEMENTE SpA	IT0005072811	MLSMP	Euronext Access Paris	EUR	0.81	0.81	0.81	0.81	05/08/16 15:00	CET	100	81.00
SENSORION	FR0012596468	ALSEN	Euronext Growth Paris	EUR	1.85	1.88	1.83	1.838	12/11/21 17:00	CET	19933	37003.512
SEQUA PETROLEUM NV	NL0010623518	MLSEQ	Euronext Access Paris	EUR	0.007	0.007	0.007	0.007	12/11/21 11:30	CET	35001	245.007
SERGEFERRARI GROUP	FR0011950682	SEFER	Euronext Paris	EUR	11.90	11.90	11.34	11.56	12/11/21 17:35	CET	17248	200218.34
SERMA GROUP	FR0000073728	ALSER	Euronext Growth Paris	EUR	314.00	314.00	314.00	314.00	26/10/21 11:30	CET	5	1570.00
SES	LU0088087324	SESG	Euronext Paris	EUR	7.306	7.372	7.266	7.348	12/11/21 17:35	CET	381367	2798010.826
SES IMAGOTAG	FR0010282822	SESL	Euronext Paris	EUR	64.90	67.00	64.50	64.70	12/11/21 17:35	CET	20134	1317229.70
SHOWROOMPRIVE	FR0013006558	SRP	Euronext Paris	EUR	2.11	2.125	2.095	2.12	12/11/21 17:35	CET	127400	268677.575
SIDETRADE	FR0010202606	ALBFR	Euronext Growth Paris	EUR	179.00	180.00	178.50	179.50	12/11/21 17:35	CET	371	66633.50
SIGNAUX GIROD	FR0000060790	ALGIR	Euronext Growth Paris	EUR	15.90	16.00	15.65	15.80	12/11/21 14:09	CET	155	2451.60
SII	FR0000074122	SII	Euronext Paris	EUR	45.50	46.30	45.40	46.10	12/11/21 17:35	CET	9061	414822.40
SILC	FR0010679365	MLSIL	Euronext Access Paris	EUR	0.416	0.416	0.416	0.416	22/03/21 16:30	CET	150	62.40
SIMAT	CI0000000832	MLMAT	Euronext Access Paris	EUR	2.20	2.20	2.20	2.20	13/11/19 11:30	CET	10	22.00
SINTESI SpA	IT0005072167	MLSNT	Euronext Access Paris	EUR	3.30	3.30	3.30	3.30	06/11/15 15:00	CET	12	39.60
SMALTO	FR0011131788	MLSML	Euronext Access Paris	EUR	0.011	0.011	0.011	0.011	12/11/21 16:30	CET	130	1.43
SMALTO BSA	FR0010649228	SMLBS	Euronext Access Paris	EUR	0.04	0.04	0.04	0.04	27/12/16 15:30	CET	115298	4611.92
SMCP	FR0013214145	SMCP	Euronext Paris	EUR	7.89	8.095	7.50	7.95	12/11/21 17:38	CET	754022	5915028.26
SMTPC	FR0004016699	SMTPC	Euronext Paris	EUR	24.70	24.80	24.70	24.70	12/11/21 17:35	CET	1973	48820.60
SOC FRANC CASINOS	FR0010209809	SFCA	Euronext Paris	EUR	1.39	1.39	1.39	1.39	09/11/21 11:30	CET	608	845.12
SOCIETE GENERALE	FR0000130809	GLE	Euronext Paris	EUR	29.395	29.47	29.18	29.27	12/11/21 17:35	CET	2335747	68444707.915
SODEXO	FR0000121220	SW	Euronext Paris	EUR	83.40	83.58	81.76	82.54	12/11/21 17:35	CET	239933	19779454.28
SODITECH	FR0000078321	SEC	Euronext Paris	EUR	0.89	0.89	0.815	0.815	12/11/21 16:30	CET	5	4.375
SOGECLAIR	FR0000065864	SOG	Euronext Paris	EUR	23.00	23.10	22.90	23.10	12/11/21 17:16	CET	635	14603.70
SOITEC	FR0013227113	SOI	Euronext Paris	EUR	232.60	234.60	230.00	234.60	12/11/21 17:35	CET	50884	11881825.80
SOLOCAL GROUP	FR00140006O9	LOCAL	Euronext Paris	EUR	1.2926	1.2932	1.27	1.2848	12/11/21 17:35	CET	195256	250168.6194
SOLUTIONS 30 SE	FR0013379484	S30	Euronext Paris	EUR	7.41	7.555	7.32	7.50	12/11/21 17:35	CET	377110	2795359.05
SOLVAY	BE0003470755	SOLB	Euronext Brussels, Paris	EUR	105.00	106.10	104.45	105.75	12/11/21 17:35	CET	68663	7244599.65
SOMFY SA	FR0013199916	SO	Euronext Paris	EUR	170.00	175.20	169.20	175.20	12/11/21 17:35	CET	14090	2441110.00
SOPRA STERIA GROUP	FR0000050809	SOP	Euronext Paris	EUR	172.60	173.80	172.30	173.50	12/11/21 17:38	CET	16261	2816919.00
SPARTOO	FR00140043Y1	ALSPT	Euronext Growth Paris	EUR	4.42	4.48	4.325	4.48	12/11/21 17:35	CET	2969	13150.775
SPEED RABBIT PIZZA	FR0000054371	MLSRP	Euronext Access Paris	EUR	5.95	5.95	5.95	5.95	01/11/21 11:30	CET	151	898.45
SPIE	FR0012757854	SPIE	Euronext Paris	EUR	22.00	22.40	21.94	22.02	12/11/21 17:35	CET	213647	4723975.38
SPINEGUARD	FR0011464452	ALSGD	Euronext Growth Paris	EUR	1.22	1.238	1.186	1.188	12/11/21 17:35	CET	410985	495162.046
SPINEGUARD BS	FR0014003UB4	SGDBS	Euronext Growth Paris	EUR	0.026	0.0265	0.026	0.026	12/11/21 16:39	CET	18770	493.52
SPINEWAY	FR0011398874	ALSPW	Euronext Growth Paris	EUR	0.0011	0.0012	0.0011	0.0012	12/11/21 17:35	CET	200277090	220701.5927
SQLI	FR0011289040	SQI	Euronext Paris	EUR	31.00	31.10	31.00	31.00	12/11/21 17:35	CET	3400	105414.40
ST DUPONT	FR0000054199	DPT	Euronext Paris	EUR	0.1405	0.1405	0.14	0.14	12/11/21 16:06	CET	49861	6985.5575
STEF	FR0000064271	STF	Euronext Paris	EUR	110.40	113.00	109.60	113.00	12/11/21 17:35	CET	5732	638322.60
STELLANTIS NV	NL00150001Q9	STLA	Euronext Paris	EUR	17.88	17.944	17.688	17.876	12/11/21 17:35	CET	2003370	35769030.724
STMICROELECTRONICS	NL0000226223	STM	Euronext Paris	EUR	44.42	44.80	44.23	44.80	12/11/21 17:36	CET	1583636	70601561.77
STRADIM ESPAC.FIN	FR0000074775	ALSAS	Euronext Growth Paris	EUR	8.00	8.00	7.35	7.35	12/11/21 16:30	CET	283	2165.20
STREAMWIDE	FR0010528059	ALSTW	Euronext Growth Paris	EUR	33.80	34.50	33.00	34.40	12/11/21 16:01	CET	3101	104111.90
STREIT MECANIQUE	FR0000063976	MLSTR	Euronext Access Paris	EUR	9.50	9.50	9.50	9.50	09/11/21 11:31	CET	79	750.50
SUEZ	FR0010613471	SEV	Euronext Paris, Brussels	EUR	19.68	19.715	19.68	19.70	12/11/21 17:35	CET	366926	7226561.175
SUMO RESOURCES PLC	GB00B8GJBS16	MLSUM	Euronext Access Paris	EUR	0.0135	0.0135	0.0135	0.0135	12/11/21 11:30	CET	39900	538.65
SWORD GROUP	FR0004180578	SWP	Euronext Paris	EUR	43.60	43.90	42.95	43.60	12/11/21 17:35	CET	7549	327961.75
SYNERGIE	FR0000032658	SDG	Euronext Paris	EUR	38.95	39.15	38.90	39.05	12/11/21 17:35	CET	366	14291.45
TARKETT	FR0004188670	TKTT	Euronext Paris	EUR	19.20	19.80	18.94	19.24	12/11/21 17:35	CET	9371	180702.04
TAYNINH	FR0000063307	TAYN	Euronext Paris	EUR	1.80	1.80	1.80	1.80	04/11/21 11:30	CET	1092	1965.60
TEAM	FR0000033466	MLTEA	Euronext Access Paris	EUR	304.00	304.00	304.00	304.00	29/10/21 16:30	CET	11	3344.00
TECH BSA 2024	FR0013526225	TECBS	Euronext Paris	EUR	0.35	0.355	0.35	0.355	12/11/21 16:10	CET	10735	3810.775
TECHNICOLOR	FR0013505062	TCH	Euronext Paris	EUR	2.93	3.01	2.862	2.992	12/11/21 17:35	CET	293894	870394.086
TECHNIP ENERGIES	NL0014559478	TE	Euronext Paris	EUR	13.36	13.435	13.185	13.38	12/11/21 17:39	CET	236635	3153307.42
TECHNIPFMC	GB00BDSFG982	FTI	Euronext Paris	EUR	6.164	6.184	6.032	6.048	12/11/21 17:35	CET	1497202	9117468.888
TELEPERFORMANCE	FR0000051807	TEP	Euronext Paris	EUR	357.90	361.40	354.90	361.40	12/11/21 17:35	CET	94685	34037401.00
TELEVERBIER	CH0008175645	TVRB	Euronext Paris	EUR	47.00	47.00	47.00	47.00	12/11/21 16:30	CET	43	2021.00
TELEVISTA	FR0011076595	MLVST	Euronext Access Paris	EUR	1.90	2.08	1.90	2.08	11/11/21 16:30	CET	32	66.38
TESSI	FR0004529147	TES	Euronext Paris	EUR	168.60	168.60	168.60	168.60	10/11/21 13:13	CET	257	43330.20
TF1	FR0000054900	TFI	Euronext Paris	EUR	9.16	9.16	9.01	9.06	12/11/21 17:35	CET	70030	634149.505
TFF GROUP	FR0013295789	TFF	Euronext Paris	EUR	25.50	26.10	25.50	26.10	12/11/21 17:35	CET	739	19208.00
THALES	FR0000121329	HO	Euronext Paris	EUR	82.22	82.80	79.66	81.30	12/11/21 17:35	CET	554357	44942715.80
THE BLOCKCHAIN GP	FR0011053636	ALTBG	Euronext Growth Paris	EUR	1.534	1.56	1.355	1.391	12/11/21 17:35	CET	1476658	2119277.154
THEBLOCKCHAINGRBS	FR00140065G1	TBGBS	Euronext Growth Paris	EUR	0.038	0.0399	0.0308	0.0369	12/11/21 17:21	CET	344890	11790.2734
THERACLION	FR0010120402	ALTHE	Euronext Growth Paris	EUR	1.44	1.44	1.40	1.40	12/11/21 17:14	CET	46924	65966.915
THERADIAG	FR0004197747	ALTER	Euronext Growth Paris	EUR	1.42	1.42	1.382	1.409	12/11/21 17:27	CET	32157	45049.041
THERADIAG DS	FR00140069U4	THEDS	Euronext Growth Paris	EUR	0.0585	0.07	0.0531	0.0536	12/11/21 17:27	CET	214867	12759.4864
THERANEXUS	FR0013286259	ALTHX	Euronext Growth Paris	EUR	6.85	6.99	6.76	6.90	12/11/21 17:35	CET	9060	62457.27
THERAVET	BE0974387194	ALVET	Euronext Growth Paris, Brussels	EUR	6.20	6.30	6.20	6.30	12/11/21 16:15	CET	282	1763.80
THERMADOR GROUPE	FR0013333432	THEP	Euronext Paris	EUR	102.40	102.60	100.80	101.20	12/11/21 17:35	CET	3511	357340.20
TIKEHAU CAPITAL	FR0013230612	TKO	Euronext Paris	EUR	25.20	25.30	25.10	25.20	12/11/21 17:35	CET	2951	74411.85
TIPIAK	FR0000066482	TIPI	Euronext Paris	EUR	70.00	70.00	70.00	70.00	12/11/21 16:30	CET	16	1120.00
TITAN CEMENT	BE0974338700	TITC	Euronext Brussels, Paris	EUR	14.96	15.06	14.94	15.00	12/11/21 17:35	CET	3576	53625.84
TIVOLY	FR0000060949	ALTIV	Euronext Growth Paris	EUR	20.40	20.40	20.00	20.00	12/11/21 17:24	CET	1107	22283.60
TOOLUX SANDING	LU0394945660	ALTLX	Euronext Growth Paris	EUR	1.60	1.60	1.60	1.60	25/03/15 15:30	CET	1650	2640.00
TOQUES BLANCHES	FR0011668821	ALTBM	Euronext Growth Paris	EUR	2.20	2.20	2.20	2.20	12/11/21 16:30	CET	151	332.20
TOTAL GABON	GA0000121459	EC	Euronext Paris	EUR	138.00	148.00	138.00	148.00	12/11/21 17:35	CET	3480	502283.50
TOTALENERGIES	FR0000120271	TTE	Euronext Paris, Brussels	EUR	43.75	43.925	43.175	43.175	12/11/21 17:35	CET	5638576	244511605.21
TOUAX	FR0000033003	TOUP	Euronext Paris	EUR	8.00	8.00	7.94	7.98	12/11/21 17:24	CET	3125	24877.40
TOUR EIFFEL	FR0000036816	EIFF	Euronext Paris	EUR	30.30	30.40	30.20	30.30	12/11/21 17:35	CET	1224	37172.60
TOUTABO	FR0010621722	MLABO	Euronext Access Paris	EUR	2.36	2.36	2.36	2.36	01/11/21 11:30	CET	8	18.88
TPSH	FR0011040690	MLPSH	Euronext Access Paris	EUR	0.191	0.191	0.191	0.191	17/12/18 11:30	CET	3070	586.37
TRAMWAYS DE ROUEN	FR0000031866	MLTRA	Euronext Access Paris	EUR	5000.00	5000.00	5000.00	5000.00	08/11/21 11:30	CET	6	30000.00
TRANSGENE	FR0005175080	TNG	Euronext Paris	EUR	2.48	2.49	2.435	2.48	12/11/21 17:35	CET	28041	68927.86
TRANSITION SHARES	FR00140039U7	TRAN	Euronext Paris	EUR	9.61	9.61	9.60	9.60	25/10/21 17:35	CET	55000	528006.24
TRANSITION WARRANT	FR0014003AC4	TRANW	Euronext Paris	EUR	0.0001	0.0001	0.0001	0.0001	14/09/21 11:08	CET	500	0.05
TRIGANO	FR0005691656	TRI	Euronext Paris	EUR	167.30	174.10	166.00	167.00	12/11/21 17:35	CET	26063	4380671.10
TRILOGIQ	FR0010397901	ALTRI	Euronext Growth Paris	EUR	6.95	6.95	6.90	6.90	12/11/21 16:30	CET	730	5052.50
TROC ILE	FR0000031106	MLTRO	Euronext Access Paris	EUR	4.16	4.16	4.16	4.16	14/10/21 11:30	CET	3	12.48
TRONICS	FR0004175099	ALTRO	Euronext Growth Paris	EUR	5.80	5.80	5.80	5.80	12/11/21 11:30	CET	135	783.00
TRONICS DS	FR0014006979	TRODS	Euronext Growth Paris	EUR	-	-	-	-	-	CET	-	-
TTI	FR0010383877	ALTTI	Euronext Growth Paris	EUR	3.96	3.96	3.96	3.96	12/11/21 11:30	CET	11	43.56
TXCOM	FR0010654087	ALTXC	Euronext Growth Paris	EUR	9.00	9.00	9.00	9.00	12/11/21 16:30	CET	1000	9000.00
U10 CORP	FR0000079147	ALU10	Euronext Growth Paris	EUR	2.01	2.05	2.01	2.03	12/11/21 17:01	CET	12667	25649.76
UBISOFT ENTERTAIN	FR0000054470	UBI	Euronext Paris	EUR	46.80	47.29	45.73	45.98	12/11/21 17:35	CET	533353	24671019.68
UCAR	FR0011070457	ALUCR	Euronext Growth Paris	EUR	16.70	16.70	16.70	16.70	12/11/21 09:00	CET	1	16.70
UMALIS GROUP	FR0011776889	MLUMG	Euronext Access Paris	EUR	2.74	2.74	2.74	2.74	09/11/21 11:30	CET	500	1370.00
UMANIS	FR0013263878	ALUMS	Euronext Growth Paris	EUR	16.00	16.35	15.70	16.00	12/11/21 17:37	CET	14155	225580.20
UNI.METALG.HT-SEI.	FR0005783503	MLUMH	Euronext Access Paris	EUR	40.80	40.80	40.80	40.80	20/09/21 16:32	CET	105	4284.00
UNIBAIL-RODAMCO-WE	FR0013326246	URW	Euronext Amsterdam, Paris	EUR	66.70	66.96	65.27	66.75	12/11/21 17:35	CET	382074	25385306.97
UNIBEL	FR0000054215	UNBL	Euronext Paris	EUR	995.00	995.00	995.00	995.00	09/11/21 16:48	CET	7	6965.00
UNION FIN.FRANCE	FR0000034548	UFF	Euronext Paris	EUR	18.10	18.20	17.90	17.90	12/11/21 17:35	CET	1054	19045.55
UNION TECH.INFOR.	FR0000074197	FPG	Euronext Paris	EUR	0.576	0.576	0.546	0.576	12/11/21 17:13	CET	1811	1003.602
UNITI	FR0012709160	ALUNT	Euronext Growth Paris	EUR	2.30	2.36	2.30	2.36	12/11/21 11:40	CET	4	9.38
UPERGY	FR0010337865	ALUPG	Euronext Growth Paris	EUR	4.26	4.26	4.20	4.20	12/11/21 16:01	CET	476	2004.96
UV GERMI	FR0011898584	ALUVI	Euronext Growth Paris	EUR	6.67	7.20	6.27	6.60	12/11/21 17:35	CET	11630	77707.10
VALBIOTIS	FR0013254851	ALVAL	Euronext Growth Paris	EUR	6.64	7.00	6.62	6.85	12/11/21 17:37	CET	4737	32217.67
VALEO	FR0013176526	FR	Euronext Paris	EUR	27.30	28.22	27.18	28.20	12/11/21 17:35	CET	1050213	29487601.23
VALLOUREC	FR0013506730	VK	Euronext Paris	EUR	6.825	7.06	6.765	7.02	12/11/21 17:35	CET	1390557	9649298.47
VALLOUREC BSA 21	FR00140030K7	VKBS	Euronext Paris	EUR	-	-	-	-	-	CET	-	-
VALNEVA	FR0004056851	VLA	Euronext Paris	EUR	21.44	21.56	20.66	20.76	12/11/21 17:39	CET	1538135	32375227.34
VALONEO	FR0012833770	MLVAL	Euronext Access Paris	EUR	14.30	14.30	14.30	14.30	25/09/18 16:30	CET	10	143.00
VENTE UNIQUE.COM	FR0010766667	ALVU	Euronext Growth Paris	EUR	16.70	16.70	16.40	16.60	12/11/21 17:35	CET	1174	19440.30
VEOLIA ENVIRON.	FR0000124141	VIE	Euronext Paris	EUR	29.56	29.84	29.46	29.81	12/11/21 17:36	CET	948566	28209076.61
VERALLIA	FR0013447729	VRLA	Euronext Paris	EUR	32.50	32.50	31.92	31.98	12/11/21 17:35	CET	97954	3142207.28
VERGNET	FR0004155240	ALVER	Euronext Growth Paris	EUR	0.236	0.236	0.2175	0.22	12/11/21 17:35	CET	991860	221499.013
VERIMATRIX	FR0010291245	VMX	Euronext Paris	EUR	1.136	1.17	1.118	1.156	12/11/21 17:35	CET	221987	252652.60
VERNEY CARRON	FR0006174496	MLVER	Euronext Access Paris	EUR	7.15	7.15	7.15	7.15	14/10/21 11:30	CET	20	143.00
VETOQUINOL	FR0004186856	VETO	Euronext Paris	EUR	145.00	148.20	145.00	148.20	12/11/21 17:35	CET	1416	208731.20
VIALIFE	FR0010326090	ALVIA	Euronext Growth Paris	EUR	8.50	8.50	8.50	8.50	10/11/21 16:30	CET	20	170.00
VICAT	FR0000031775	VCT	Euronext Paris	EUR	39.20	39.35	38.85	39.10	12/11/21 17:35	CET	26407	1032508.70
VIEL ET COMPAGNIE	FR0000050049	VIL	Euronext Paris	EUR	5.88	5.90	5.88	5.90	12/11/21 15:34	CET	2388	14083.18
VILMORIN & CIE	FR0000052516	RIN	Euronext Paris	EUR	57.60	58.00	57.40	57.80	12/11/21 17:35	CET	2485	143456.90
VINCI	FR0000125486	DG	Euronext Paris	EUR	93.71	94.36	92.83	93.75	12/11/21 17:35	CET	687206	64488776.82
VIRBAC	FR0000031577	VIRP	Euronext Paris	EUR	407.50	422.00	407.50	416.00	12/11/21 17:35	CET	3327	1387291.50
VISIATIV	FR0004029478	ALVIV	Euronext Growth Paris	EUR	26.40	26.50	26.20	26.40	12/11/21 17:35	CET	1585	41834.90
VISIATIV BS	FR0014003O76	VIVBS	Euronext Growth Paris	EUR	0.40	0.40	0.40	0.40	12/11/21 09:51	CET	10	4.00
VISIO NERF	FR0010033480	MLVIS	Euronext Access Paris	EUR	1.48	1.48	1.48	1.48	11/11/21 11:30	CET	742	1098.16
VISIODENT	FR0000065765	SDT	Euronext Paris	EUR	2.58	2.58	2.58	2.58	12/11/21 16:30	CET	681	1756.98
VISIOMED BSA2018-1	FR0013322724	VMGBS	Euronext Growth Paris	EUR	0.004	0.005	0.004	0.005	12/11/21 14:25	CET	11150	52.10
VISIOMED GROUP	FR0013481835	ALVMG	Euronext Growth Paris	EUR	0.1016	0.1029	0.0992	0.102	12/11/21 17:35	CET	994106	100162.7954
VISIOMEDBSA26OCT23	FR0013321817	VMGBT	Euronext Growth Paris	EUR	-	-	-	-	-	CET	-	-
VITURA	FR0010309096	VTR	Euronext Paris	EUR	35.40	35.40	35.40	35.40	12/11/21 15:20	CET	2	70.80
VIVENDI SE	FR0000127771	VIV	Euronext Paris	EUR	11.285	11.43	11.27	11.425	12/11/21 17:35	CET	2468214	28128432.17
VOGO	FR0011532225	ALVGO	Euronext Growth Paris	EUR	8.40	8.40	8.22	8.22	12/11/21 16:17	CET	514	4262.09
VOLTALIA	FR0011995588	VLTSA	Euronext Paris	EUR	20.65	21.25	20.65	21.20	12/11/21 17:35	CET	16406	345126.85
VOYAGEURS DU MONDE	FR0004045847	ALVDM	Euronext Growth Paris	EUR	97.00	97.20	94.00	95.20	12/11/21 17:35	CET	1983	189808.60
VRANKEN-POMMERY	FR0000062796	VRAP	Euronext Paris, Brussels	EUR	17.95	17.95	17.80	17.90	12/11/21 17:18	CET	1079	19223.00
VREF SEVILLE	ES0105492005	MLVRF	Euronext Access Paris	EUR	3.75	3.75	3.75	3.75	30/07/20 00:00	CET	-	-
WAGA ENERGY	FR0012532810	WAGA	Euronext Paris	EUR	27.00	28.10	25.70	27.40	12/11/21 17:35	CET	15050	404764.20
WALLIX	FR0010131409	ALLIX	Euronext Growth Paris	EUR	32.40	33.05	32.40	32.70	12/11/21 17:35	CET	1518	49651.15
WAVESTONE	FR0013357621	WAVE	Euronext Paris	EUR	48.40	49.90	48.40	49.90	12/11/21 17:35	CET	7508	369893.20
WE.CONNECT	FR0013079092	ALWEC	Euronext Growth Paris	EUR	18.75	18.75	18.65	18.65	12/11/21 13:43	CET	261	4867.75
WEACCESS GROUP	FR0010688465	MLWEA	Euronext Access Paris	EUR	2.78	2.78	2.78	2.78	11/11/21 16:30	CET	4100	11398.00
WEDIA	FR0010688440	ALWED	Euronext Growth Paris	EUR	48.00	48.20	48.00	48.00	12/11/21 15:33	CET	939	45130.90
WELL	FR0004152700	MLWEL	Euronext Access Paris	EUR	3.04	3.04	3.04	3.04	19/10/21 16:30	CET	100	304.00
WENDEL	FR0000121204	MF	Euronext Paris	EUR	114.70	114.80	113.20	114.60	12/11/21 17:35	CET	39620	4521134.50
WEYA	FR0010768770	MLWEY	Euronext Access Paris	EUR	4.38	4.80	4.38	4.80	12/11/21 17:01	CET	21824	99304.86
WHITENI R CAJAL	ES0105399002	MLWRC	Euronext Access Paris	EUR	3.00	3.00	3.00	3.00	25/10/19 11:30	CET	350	1050.00
WINFARM	FR0014000P11	ALWF	Euronext Growth Paris	EUR	28.90	28.90	27.60	27.65	12/11/21 17:35	CET	4105	115425.005
WITBE	FR0013143872	ALWIT	Euronext Growth Paris	EUR	6.88	6.89	6.79	6.80	12/11/21 16:25	CET	1937	13238.22
WIZIBOAT	FR00140047H7	MLWIZ	Euronext Access Paris	EUR	9.10	9.10	9.10	9.10	12/11/21 16:30	CET	410	3731.00
WORLDLINE	FR0011981968	WLN	Euronext Paris	EUR	48.70	49.53	47.94	49.065	12/11/21 17:35	CET	1192873	58201696.595
X-FAB	BE0974310428	XFAB	Euronext Paris	EUR	8.92	9.31	8.92	9.27	12/11/21 17:35	CET	216753	1990773.80
XILAM ANIMATION	FR0004034072	XIL	Euronext Paris	EUR	40.35	40.35	39.90	40.30	12/11/21 17:35	CET	954	38238.45
ZCCM	ZM0000000037	MLZAM	Euronext Access Paris	EUR	1.04	1.05	1.04	1.05	12/11/21 16:30	CET	54	56.46
ZCI LIMITED	BMG9887P1068	CV	Euronext Paris	EUR	0.17	0.20	0.17	0.20	04/08/15 16:20	CET	21826	3755.94
